1745399239814 0.0 0
1745399249870 23.1 1
1745399259943 18.3 2
1745399270015 17.6 3
1745399280102 18.5 4
1745399290197 19.7 5
1745399300270 20.3 6
1745399310361 18.2 7
1745399320463 25.8 8
1745399330547 25.4 9
1745399340622 12.3 10
1745399350704 19.2 11
1745399360781 17.8 12
1745399370875 19.7 13
1745399380982 20.6 14
1745399391053 21.2 15
1745399401167 18.8 16
1745399411249 20.8 17
1745399421344 22.9 18
1745399431424 19.3 19
1745399441503 14.2 20
1745399451579 17.8 21
1745399461663 17.3 22
1745399471741 17.8 23
1745399481820 19.4 24
1745399491908 17.4 25
1745399502004 18.6 26
1745399512084 19.6 27
1745399522177 23.3 28
1745399532262 19.1 29
1745399542348 14.4 30
1745399552439 17.6 31
1745399562515 18.5 32
1745399572594 22.0 33
1745399582681 19.4 34
1745399592758 19.1 35
1745399602846 20.6 36
1745399613063 18.9 37
1745399623164 20.3 38
1745399633259 16.4 39
1745399643373 14.7 40
1745399653466 16.6 41
1745399663550 17.1 42
1745399673640 17.6 43
1745399683731 16.6 44
1745399693822 19.7 45
1745399703908 19.6 46
1745399713989 18.5 47
1745399724102 22.0 48
1745399734198 15.1 49
1745399744313 16.7 50
1745399754645 18.0 51
1745399764741 15.6 52
1745399774852 19.0 53
1745399784946 19.3 54
1745399795037 19.8 55
1745399805128 19.0 56
1745399815334 17.7 57
1745399825446 22.6 58
1745399835529 15.1 59
1745399845623 16.2 60
1745399855695 15.8 61
1745399865793 17.3 62
1745399875884 17.4 63
1745399885968 19.6 64
1745399896077 18.0 65
1745399906168 18.9 66
1745399916264 17.9 67
1745399926384 22.1 68
1745399936496 17.1 69
1745399946591 13.4 70
1745399956672 16.6 71
1745399966786 17.1 72
1745399976866 17.9 73
1745399986972 21.3 74
1745399997066 18.6 75
1745400007154 19.0 76
1745400017248 17.2 77
1745400027420 19.3 78
1745400037579 20.7 79
1745400047672 12.8 80
1745400057785 17.2 81
1745400067891 17.5 82
1745400077975 18.4 83
1745400088065 17.5 84
1745400098173 17.5 85
1745400108266 17.1 86
1745400118423 20.0 87
1745400128526 18.6 88
1745400138663 19.3 89
1745400148763 19.2 90
1745400158801 14.0 91
1745400168849 24.7 92
1745400178894 27.1 93
1745400188937 45.8 94
1745400199048 25.5 95
1745400209095 18.0 96
1745400219151 21.9 97
1745400229266 21.9 98
1745400239945 16.7 99
1745400250004 16.9 100
1745400260262 23.8 101
1745400270316 21.6 102
1745400280391 19.4 103
1745400290523 24.7 104
1745400300622 20.2 105
1745400310715 21.8 106
1745400320824 17.8 107
