1745399239814 310503.2 0
1745399249870 310503.3 1
1745399259943 310503.3 2
1745399270015 310503.3 3
1745399280102 310503.3 4
1745399290197 310503.3 5
1745399300270 310503.3 6
1745399310361 310503.0 7
1745399320463 310503.0 8
1745399330547 310503.6 9
1745399340622 310543.8 10
1745399350704 310543.8 11
1745399360781 310543.8 12
1745399370875 310543.8 13
1745399380982 310544.3 14
1745399391053 310544.3 15
1745399401167 310544.3 16
1745399411249 310544.4 17
1745399421344 310544.4 18
1745399431424 310544.9 19
1745399441503 310544.9 20
1745399451579 310544.9 21
1745399461663 310544.9 22
1745399471741 310544.9 23
1745399481820 310544.9 24
1745399491908 310544.9 25
1745399502004 310544.9 26
1745399512084 310544.9 27
1745399522177 310544.9 28
1745399532262 310545.5 29
1745399542348 310545.5 30
1745399552439 310545.5 31
1745399562515 310545.5 32
1745399572594 310545.5 33
1745399582681 310545.5 34
1745399592758 310545.5 35
1745399602846 310545.5 36
1745399613063 310545.5 37
1745399623164 310545.5 38
1745399633259 310546.0 39
1745399643373 310546.0 40
1745399653466 310546.0 41
1745399663550 310546.0 42
1745399673640 310546.0 43
1745399683731 310546.0 44
1745399693822 310546.0 45
1745399703908 310546.0 46
1745399713989 310546.0 47
1745399724102 310546.0 48
1745399734198 310546.5 49
1745399744313 310546.5 50
1745399754645 310546.5 51
1745399764741 310546.5 52
1745399774852 310546.5 53
1745399784946 310546.5 54
1745399795037 310546.5 55
1745399805128 310546.5 56
1745399815334 310546.5 57
1745399825446 310546.5 58
1745399835529 310547.1 59
1745399845623 310547.1 60
1745399855695 310547.1 61
1745399865793 310547.1 62
1745399875884 310547.1 63
1745399885968 310547.1 64
1745399896077 310547.1 65
1745399906168 310547.1 66
1745399916264 310547.1 67
1745399926384 310547.1 68
1745399936496 310547.5 69
1745399946591 310547.5 70
1745399956672 310547.5 71
1745399966786 310547.5 72
1745399976866 310547.5 73
1745399986972 310547.5 74
1745399997066 310547.5 75
1745400007154 310547.5 76
1745400017248 310547.5 77
1745400027420 310547.5 78
1745400037579 310547.5 79
1745400047672 310548.0 80
1745400057785 310548.0 81
1745400067891 310548.0 82
1745400077975 310548.0 83
1745400088065 310548.0 84
1745400098173 310548.0 85
1745400108266 310548.0 86
1745400118423 310548.0 87
1745400128526 310548.0 88
1745400138663 310548.0 89
1745400148763 310548.5 90
1745400158801 310548.5 91
1745400168849 310548.5 92
1745400178894 310548.5 93
1745400188937 310548.5 94
1745400199048 310548.5 95
1745400209095 310548.5 96
1745400219151 310548.5 97
1745400229266 310548.5 98
1745400239945 310548.5 99
1745400250004 310548.5 100
1745400260262 310548.5 101
1745400270316 310548.5 102
1745400280391 310549.1 103
1745400290523 310549.1 104
1745400300622 310549.1 105
1745400310715 310549.1 106
1745400320824 310549.1 107
