1745399239814 56.6 0
1745399249870 56.6 1
1745399259943 56.6 2
1745399270015 56.6 3
1745399280102 56.6 4
1745399290197 56.6 5
1745399300270 56.6 6
1745399310361 56.6 7
1745399320463 56.6 8
1745399330547 56.6 9
1745399340622 56.6 10
1745399350704 56.6 11
1745399360781 56.6 12
1745399370875 56.6 13
1745399380982 56.6 14
1745399391053 56.6 15
1745399401167 56.6 16
1745399411249 56.6 17
1745399421344 56.6 18
1745399431424 56.6 19
1745399441503 56.6 20
1745399451579 56.6 21
1745399461663 56.6 22
1745399471741 56.6 23
1745399481820 56.6 24
1745399491908 56.6 25
1745399502004 56.6 26
1745399512084 56.6 27
1745399522177 56.6 28
1745399532262 56.6 29
1745399542348 56.6 30
1745399552439 56.6 31
1745399562515 56.6 32
1745399572594 56.6 33
1745399582681 56.6 34
1745399592758 56.6 35
1745399602846 56.6 36
1745399613063 56.6 37
1745399623164 56.6 38
1745399633259 56.6 39
1745399643373 56.6 40
1745399653466 56.6 41
1745399663550 56.6 42
1745399673640 56.6 43
1745399683731 56.6 44
1745399693822 56.6 45
1745399703908 56.6 46
1745399713989 56.6 47
1745399724102 56.6 48
1745399734198 56.6 49
1745399744313 56.6 50
1745399754645 56.6 51
1745399764741 56.6 52
1745399774852 56.6 53
1745399784946 56.6 54
1745399795037 56.6 55
1745399805128 56.6 56
1745399815334 56.6 57
1745399825446 56.6 58
1745399835529 56.6 59
1745399845623 56.6 60
1745399855695 56.6 61
1745399865793 56.6 62
1745399875884 56.6 63
1745399885968 56.6 64
1745399896077 56.6 65
1745399906168 56.6 66
1745399916264 56.6 67
1745399926384 56.6 68
1745399936496 56.6 69
1745399946591 56.6 70
1745399956672 56.6 71
1745399966786 56.6 72
1745399976866 56.6 73
1745399986972 56.6 74
1745399997066 56.6 75
1745400007154 56.6 76
1745400017248 56.6 77
1745400027420 56.6 78
1745400037579 56.6 79
1745400047672 56.6 80
1745400057785 56.6 81
1745400067891 56.6 82
1745400077975 56.6 83
1745400088065 56.6 84
1745400098173 56.6 85
1745400108266 56.6 86
1745400118423 56.6 87
1745400128526 56.6 88
1745400138663 56.6 89
1745400148763 56.6 90
1745400158801 56.6 91
1745400168849 56.6 92
1745400178894 56.6 93
1745400188937 56.6 94
1745400199048 56.6 95
1745400209095 56.6 96
1745400219151 56.6 97
1745400229266 56.6 98
1745400239945 56.6 99
1745400250004 56.6 100
1745400260262 56.6 101
1745400270316 56.6 102
1745400280391 56.6 103
1745400290523 56.6 104
1745400300622 56.6 105
1745400310715 56.6 106
1745400320824 56.6 107
