1745399239814 237855.9 0
1745399249870 237855.8 1
1745399259943 237855.8 2
1745399270015 237855.8 3
1745399280102 237855.8 4
1745399290197 237855.8 5
1745399300270 237855.8 6
1745399310361 237856.1 7
1745399320463 237856.1 8
1745399330547 237855.6 9
1745399340622 237815.3 10
1745399350704 237815.3 11
1745399360781 237815.3 12
1745399370875 237815.3 13
1745399380982 237814.8 14
1745399391053 237814.8 15
1745399401167 237814.8 16
1745399411249 237814.8 17
1745399421344 237814.8 18
1745399431424 237814.2 19
1745399441503 237814.2 20
1745399451579 237814.2 21
1745399461663 237814.2 22
1745399471741 237814.2 23
1745399481820 237814.2 24
1745399491908 237814.2 25
1745399502004 237814.2 26
1745399512084 237814.2 27
1745399522177 237814.2 28
1745399532262 237813.6 29
1745399542348 237813.6 30
1745399552439 237813.6 31
1745399562515 237813.6 32
1745399572594 237813.6 33
1745399582681 237813.6 34
1745399592758 237813.6 35
1745399602846 237813.6 36
1745399613063 237813.6 37
1745399623164 237813.6 38
1745399633259 237813.1 39
1745399643373 237813.1 40
1745399653466 237813.1 41
1745399663550 237813.1 42
1745399673640 237813.1 43
1745399683731 237813.1 44
1745399693822 237813.1 45
1745399703908 237813.1 46
1745399713989 237813.1 47
1745399724102 237813.1 48
1745399734198 237812.6 49
1745399744313 237812.6 50
1745399754645 237812.6 51
1745399764741 237812.6 52
1745399774852 237812.6 53
1745399784946 237812.6 54
1745399795037 237812.6 55
1745399805128 237812.6 56
1745399815334 237812.6 57
1745399825446 237812.6 58
1745399835529 237812.1 59
1745399845623 237812.1 60
1745399855695 237812.1 61
1745399865793 237812.1 62
1745399875884 237812.1 63
1745399885968 237812.1 64
1745399896077 237812.1 65
1745399906168 237812.1 66
1745399916264 237812.1 67
1745399926384 237812.1 68
1745399936496 237811.6 69
1745399946591 237811.6 70
1745399956672 237811.6 71
1745399966786 237811.6 72
1745399976866 237811.6 73
1745399986972 237811.6 74
1745399997066 237811.6 75
1745400007154 237811.6 76
1745400017248 237811.6 77
1745400027420 237811.6 78
1745400037579 237811.6 79
1745400047672 237811.1 80
1745400057785 237811.1 81
1745400067891 237811.1 82
1745400077975 237811.1 83
1745400088065 237811.1 84
1745400098173 237811.1 85
1745400108266 237811.1 86
1745400118423 237811.1 87
1745400128526 237811.1 88
1745400138663 237811.1 89
1745400148763 237810.6 90
1745400158801 237810.6 91
1745400168849 237810.6 92
1745400178894 237810.6 93
1745400188937 237810.6 94
1745400199048 237810.6 95
1745400209095 237810.6 96
1745400219151 237810.6 97
1745400229266 237810.6 98
1745400239945 237810.6 99
1745400250004 237810.6 100
1745400260262 237810.6 101
1745400270316 237810.6 102
1745400280391 237810.0 103
1745400290523 237810.0 104
1745400300622 237810.0 105
1745400310715 237810.0 106
1745400320824 237810.0 107
