1745399239814 0.0 0
1745399249870 0.0012590000000010093 1
1745399259943 0.0023220000000012675 2
1745399270015 0.0033720000000005967 3
1745399280102 0.0047690000000013555 4
1745399290197 0.007625000000000881 5
1745399300270 0.013383000000001033 6
1745399310361 0.014684000000000808 7
1745399320463 0.029360000000000497 8
1745399330547 0.03036800000000106 9
1745399340622 0.03137599999999985 10
1745399350704 0.03252699999999997 11
1745399360781 0.0340940000000014 12
1745399370875 0.035395000000001176 13
1745399380982 0.03656500000000129 14
1745399391053 0.03761500000000062 15
1745399401167 0.038911000000000584 16
1745399411249 0.0475190000000012 17
1745399421344 0.048689000000001315 18
1745399431424 0.05151100000000142 19
1745399441503 0.0663670000000014 20
1745399451579 0.0706970000000009 21
1745399461663 0.07170500000000146 22
1745399471741 0.07271300000000025 23
1745399481820 0.07372100000000081 24
1745399491908 0.07498000000000005 25
1745399502004 0.07618599999999986 26
1745399512084 0.07723600000000097 27
1745399522177 0.09332400000000085 28
1745399532262 0.1003620000000005 29
1745399542348 0.10137000000000107 30
1745399552439 0.10710500000000067 31
1745399562515 0.11730499999999999 32
1745399572594 0.11831300000000056 33
1745399582681 0.1252209999999998 34
1745399592758 0.12633700000000125 35
1745399602846 0.12691600000000136 36
1745399613063 0.12880800000000114 37
1745399623164 0.12981599999999993 38
1745399633259 0.13093200000000138 39
1745399643373 0.1321980000000007 40
1745399653466 0.1333070000000003 41
1745399663550 0.13385300000000022 42
1745399673640 0.16268800000000105 43
1745399683731 0.17084600000000094 44
1745399693822 0.1718540000000015 45
1745399703908 0.1728620000000003 46
1745399713989 0.17336600000000146 47
1745399724102 0.1745169999999998 48
1745399734198 0.17783800000000127 49
1745399744313 0.1808740000000011 50
1745399754645 0.18368500000000054 51
1745399764741 0.1846930000000011 52
1745399774852 0.1854849999999999 53
1745399784946 0.18649300000000046 54
1745399795037 0.201924 55
1745399805128 0.20307500000000012 56
1745399815334 0.20585200000000015 57
1745399825446 0.2068600000000007 58
1745399835529 0.2073640000000001 59
1745399845623 0.20837200000000067 60
1745399855695 0.21013500000000107 61
1745399865793 0.2111850000000004 62
1745399875884 0.21229399999999998 63
1745399885968 0.21330200000000055 64
1745399896077 0.21380599999999994 65
1745399906168 0.21505600000000058 66
1745399916264 0.23052900000000065 67
1745399926384 0.23153700000000121 68
1745399936496 0.232545 69
1745399946591 0.23304900000000117 70
1745399956672 0.2342000000000013 71
1745399966786 0.23520800000000008 72
1745399976866 0.238861 73
1745399986972 0.23986900000000055 74
1745399997066 0.2409320000000008 75
1745400007154 0.24194000000000138 76
1745400017248 0.24244400000000077 77
1745400027420 0.24521900000000052 78
1745400037579 0.26269200000000126 79
1745400047672 0.2651760000000003 80
1745400057785 0.2712500000000002 81
1745400067891 0.2722580000000008 82
1745400077975 0.27276200000000017 83
1745400088065 0.27377000000000073 84
1745400098173 0.2748860000000004 85
1745400108266 0.27893400000000135 86
1745400118423 0.28441399999999994 87
1745400128526 0.2854220000000005 88
1745400138663 0.2859259999999999 89
1745400148763 0.28715000000000046 90
1745400158801 0.3020680000000002 91
1745400168849 0.30387300000000117 92
1745400178894 0.3051200000000005 93
1745400188937 0.47479200000000077 94
1745400199048 0.4892270000000014 95
1745400209095 0.4911500000000011 96
1745400219151 0.5286910000000002 97
1745400229266 0.5312300000000008 98
1745400239945 0.5329350000000002 99
1745400250004 0.6060569999999998 100
1745400260262 0.6196380000000001 101
1745400270316 0.6250460000000011 102
1745400280391 0.6507670000000001 103
1745400290523 0.6587160000000001 104
1745400300622 0.6841610000000014 105
1745400310715 0.6856590000000011 106
1745400320824 0.6872680000000013 107
