1745399239814 9694.7 0
1745399249870 10848.2 1
1745399259943 10910.8 2
1745399270015 11037.5 3
1745399280102 11134.3 4
1745399290197 11367.7 5
1745399300270 11385.5 6
1745399310361 11164.2 7
1745399320463 11179.4 8
1745399330547 11307.3 9
1745399340622 11403.1 10
1745399350704 11592.6 11
1745399360781 11575.9 12
1745399370875 12026.0 13
1745399380982 12178.8 14
1745399391053 11901.8 15
1745399401167 12345.7 16
1745399411249 12140.9 17
1745399421344 11451.7 18
1745399431424 11777.0 19
1745399441503 11919.7 20
1745399451579 12001.1 21
1745399461663 11796.6 22
1745399471741 12112.3 23
1745399481820 11921.8 24
1745399491908 11975.3 25
1745399502004 12041.5 26
1745399512084 12133.2 27
1745399522177 11513.6 28
1745399532262 11792.5 29
1745399542348 11895.6 30
1745399552439 11988.8 31
1745399562515 12079.9 32
1745399572594 11903.8 33
1745399582681 12301.0 34
1745399592758 12081.4 35
1745399602846 11967.2 36
1745399613063 11375.0 37
1745399623164 11375.5 38
1745399633259 11800.7 39
1745399643373 11577.5 40
1745399653466 11643.8 41
1745399663550 11867.3 42
1745399673640 11753.5 43
1745399683731 11843.1 44
1745399693822 12257.4 45
1745399703908 12054.9 46
1745399713989 11473.1 47
1745399724102 11412.2 48
1745399734198 11843.3 49
1745399744313 11901.9 50
1745399754645 11946.1 51
1745399764741 11822.9 52
1745399774852 12255.4 53
1745399784946 11952.5 54
1745399795037 12327.2 55
1745399805128 12103.4 56
1745399815334 11470.0 57
1745399825446 11461.6 58
1745399835529 11894.1 59
1745399845623 11554.4 60
1745399855695 11648.3 61
1745399865793 11986.4 62
1745399875884 11785.3 63
1745399885968 12225.4 64
1745399896077 12254.2 65
1745399906168 12432.8 66
1745399916264 11577.5 67
1745399926384 11551.8 68
1745399936496 11778.5 69
1745399946591 11674.7 70
1745399956672 11678.5 71
1745399966786 11868.2 72
1745399976866 12202.8 73
1745399986972 11917.9 74
1745399997066 12311.3 75
1745400007154 12160.0 76
1745400017248 12280.6 77
1745400027420 11632.9 78
1745400037579 11646.2 79
1745400047672 11723.0 80
1745400057785 11896.8 81
1745400067891 12234.4 82
1745400077975 11866.0 83
1745400088065 11898.9 84
1745400098173 12409.2 85
1745400108266 12477.1 86
1745400118423 12153.9 87
1745400128526 11762.9 88
1745400138663 11769.7 89
1745400148763 11823.9 90
1745400158801 12169.6 91
1745400168849 12319.7 92
1745400178894 12137.8 93
1745400188937 13473.0 94
1745400199048 13335.5 95
1745400209095 13200.2 96
1745400219151 13146.4 97
1745400229266 13263.4 98
1745400239945 13271.3 99
1745400250004 12736.0 100
1745400260262 12735.3 101
1745400270316 12867.7 102
1745400280391 13581.6 103
1745400290523 13086.5 104
1745400300622 13472.3 105
1745400310715 12921.7 106
1745400320824 13100.4 107
