1745399239814 57.5 0
1745399249870 64.3 1
1745399259943 64.7 2
1745399270015 65.4 3
1745399280102 66.0 4
1745399290197 67.4 5
1745399300270 67.5 6
1745399310361 66.2 7
1745399320463 66.3 8
1745399330547 67.0 9
1745399340622 67.6 10
1745399350704 68.7 11
1745399360781 68.6 12
1745399370875 71.3 13
1745399380982 72.2 14
1745399391053 70.6 15
1745399401167 73.2 16
1745399411249 72.0 17
1745399421344 67.9 18
1745399431424 69.8 19
1745399441503 70.7 20
1745399451579 71.2 21
1745399461663 69.9 22
1745399471741 71.8 23
1745399481820 70.7 24
1745399491908 71.0 25
1745399502004 71.4 26
1745399512084 71.9 27
1745399522177 68.3 28
1745399532262 69.9 29
1745399542348 70.5 30
1745399552439 71.1 31
1745399562515 71.6 32
1745399572594 70.6 33
1745399582681 72.9 34
1745399592758 71.6 35
1745399602846 71.0 36
1745399613063 67.4 37
1745399623164 67.4 38
1745399633259 70.0 39
1745399643373 68.6 40
1745399653466 69.0 41
1745399663550 70.4 42
1745399673640 69.7 43
1745399683731 70.2 44
1745399693822 72.7 45
1745399703908 71.5 46
1745399713989 68.0 47
1745399724102 67.7 48
1745399734198 70.2 49
1745399744313 70.6 50
1745399754645 70.8 51
1745399764741 70.1 52
1745399774852 72.7 53
1745399784946 70.9 54
1745399795037 73.1 55
1745399805128 71.8 56
1745399815334 68.0 57
1745399825446 68.0 58
1745399835529 70.5 59
1745399845623 68.5 60
1745399855695 69.1 61
1745399865793 71.1 62
1745399875884 69.9 63
1745399885968 72.5 64
1745399896077 72.7 65
1745399906168 73.7 66
1745399916264 68.6 67
1745399926384 68.5 68
1745399936496 69.8 69
1745399946591 69.2 70
1745399956672 69.2 71
1745399966786 70.4 72
1745399976866 72.3 73
1745399986972 70.7 74
1745399997066 73.0 75
1745400007154 72.1 76
1745400017248 72.8 77
1745400027420 69.0 78
1745400037579 69.0 79
1745400047672 69.5 80
1745400057785 70.5 81
1745400067891 72.5 82
1745400077975 70.4 83
1745400088065 70.5 84
1745400098173 73.6 85
1745400108266 74.0 86
1745400118423 72.1 87
1745400128526 69.7 88
1745400138663 69.8 89
1745400148763 70.1 90
1745400158801 72.2 91
1745400168849 73.0 92
1745400178894 72.0 93
1745400188937 79.9 94
1745400199048 79.1 95
1745400209095 78.3 96
1745400219151 77.9 97
1745400229266 78.6 98
1745400239945 78.7 99
1745400250004 75.5 100
1745400260262 75.5 101
1745400270316 76.3 102
1745400280391 80.5 103
1745400290523 77.6 104
1745400300622 79.9 105
1745400310715 76.6 106
1745400320824 77.7 107
