1745503657673 10327167.0 0
1745503808532 340968.25 1
1745503960169 67208.15625 2
1745504111135 6008.744140625 3
1745504264698 1967.728759765625 4
1745504417362 871.7572631835938 5
1745504574038 532.8585205078125 6
1745504727432 350.0894470214844 7
1745504881725 257.6446533203125 8
1745505036822 199.68797302246094 9
1745505193222 169.59445190429688 10
1745505350072 148.1206512451172 11
1745505508775 133.35433959960938 12
1745505666494 117.81376647949219 13
1745505827502 104.87544250488281 14
1745505987594 97.84154510498047 15
1745506145769 93.80809783935547 16
1745506305452 88.82579040527344 17
1745506464411 82.7232666015625 18
1745506625181 77.58036041259766 19
