1745500669496 10793416.0 0
1745500813304 513673.25 1
1745500952648 27171.466796875 2
1745501096734 4838.0009765625 3
1745501239591 1497.1395263671875 4
1745501383430 509.98760986328125 5
1745501530434 405.0121154785156 6
1745501677488 231.9413299560547 7
1745501824354 125.5837631225586 8
1745501969629 99.28736114501953 9
1745502116327 68.62995910644531 10
1745502267027 63.48591232299805 11
1745502416165 61.21427536010742 12
1745502566976 60.72365188598633 13
1745502725053 51.417091369628906 14
1745502890014 47.59294509887695 15
1745503043024 50.343814849853516 16
1745503195854 41.617034912109375 17
1745503349728 45.82093811035156 18
1745503502884 44.65119934082031 19
