1745399239722 0.0 0
1745399249798 23.2 1
1745399259885 18.3 2
1745399269958 17.6 3
1745399280036 18.4 4
1745399290123 19.7 5
1745399300205 20.2 6
1745399310295 18.3 7
1745399320378 25.5 8
1745399330504 25.7 9
1745399340587 12.4 10
1745399350697 19.0 11
1745399360803 18.0 12
1745399370877 19.6 13
1745399380963 20.6 14
1745399391079 21.3 15
1745399401174 18.7 16
1745399411279 20.8 17
1745399421365 22.9 18
1745399431446 19.3 19
1745399441525 14.2 20
1745399451620 17.8 21
1745399461703 17.3 22
1745399471784 17.8 23
1745399481866 19.4 24
1745399491955 17.4 25
1745399502056 18.6 26
1745399512141 19.6 27
1745399522217 23.3 28
1745399532319 19.1 29
1745399542414 14.4 30
1745399552509 17.7 31
1745399562600 18.5 32
1745399572682 22.0 33
1745399582768 19.4 34
1745399592835 19.0 35
1745399602957 20.6 36
1745399613065 18.9 37
1745399623165 20.4 38
1745399633254 16.3 39
1745399643375 14.7 40
1745399653473 16.7 41
1745399663572 17.0 42
1745399673654 17.6 43
1745399683755 16.7 44
1745399693847 19.7 45
1745399703934 19.5 46
1745399714035 18.5 47
1745399724122 22.0 48
1745399734202 15.1 49
1745399744306 16.7 50
1745399754639 18.1 51
1745399764736 15.6 52
1745399774833 19.1 53
1745399784922 19.3 54
1745399795014 19.8 55
1745399805095 19.0 56
1745399815332 17.8 57
1745399825425 22.5 58
1745399835509 15.2 59
1745399845602 16.1 60
1745399855706 15.7 61
1745399865814 17.3 62
1745399875906 17.5 63
1745399885993 19.5 64
1745399896083 18.0 65
1745399906178 18.9 66
1745399916291 18.0 67
1745399926365 22.1 68
1745399936462 17.1 69
1745399946556 13.4 70
1745399956645 16.4 71
1745399966747 17.2 72
1745399976893 17.9 73
1745399986993 21.3 74
1745399997091 18.6 75
1745400007197 19.0 76
1745400017307 17.2 77
1745400027438 19.5 78
1745400037569 20.5 79
1745400047651 12.7 80
1745400057743 17.2 81
1745400067843 17.5 82
1745400077936 18.3 83
1745400088037 17.5 84
1745400098127 17.5 85
1745400108216 17.1 86
1745400118427 20.0 87
1745400128552 18.6 88
1745400138672 19.2 89
1745400148788 19.2 90
1745400158829 14.0 91
1745400168881 24.7 92
1745400178937 27.2 93
1745400188984 45.6 94
1745400199105 25.4 95
1745400209176 17.9 96
1745400219229 22.0 97
1745400229335 21.7 98
1745400239945 16.8 99
1745400250009 16.7 100
1745400260227 23.8 101
1745400270284 21.5 102
1745400280343 19.6 103
1745400290462 24.7 104
1745400300573 20.2 105
1745400310663 21.8 106
1745400320758 17.8 107
