1745399239722 237855.9 0
1745399249798 237855.9 1
1745399259885 237855.8 2
1745399269958 237855.8 3
1745399280036 237855.8 4
1745399290123 237855.8 5
1745399300205 237855.8 6
1745399310295 237856.1 7
1745399320378 237856.1 8
1745399330504 237855.6 9
1745399340587 237815.3 10
1745399350697 237815.3 11
1745399360803 237815.3 12
1745399370877 237814.8 13
1745399380963 237814.8 14
1745399391079 237814.8 15
1745399401174 237814.8 16
1745399411279 237814.8 17
1745399421365 237814.8 18
1745399431446 237814.2 19
1745399441525 237814.2 20
1745399451620 237814.2 21
1745399461703 237814.2 22
1745399471784 237814.2 23
1745399481866 237814.2 24
1745399491955 237814.2 25
1745399502056 237814.2 26
1745399512141 237814.2 27
1745399522217 237814.2 28
1745399532319 237813.6 29
1745399542414 237813.6 30
1745399552509 237813.6 31
1745399562600 237813.6 32
1745399572682 237813.6 33
1745399582768 237813.6 34
1745399592835 237813.6 35
1745399602957 237813.6 36
1745399613065 237813.6 37
1745399623165 237813.6 38
1745399633254 237813.1 39
1745399643375 237813.1 40
1745399653473 237813.1 41
1745399663572 237813.1 42
1745399673654 237813.1 43
1745399683755 237813.1 44
1745399693847 237813.1 45
1745399703934 237813.1 46
1745399714035 237813.1 47
1745399724122 237813.1 48
1745399734202 237812.6 49
1745399744306 237812.6 50
1745399754639 237812.6 51
1745399764736 237812.6 52
1745399774833 237812.6 53
1745399784922 237812.6 54
1745399795014 237812.6 55
1745399805095 237812.6 56
1745399815332 237812.6 57
1745399825425 237812.6 58
1745399835509 237812.1 59
1745399845602 237812.1 60
1745399855706 237812.1 61
1745399865814 237812.1 62
1745399875906 237812.1 63
1745399885993 237812.1 64
1745399896083 237812.1 65
1745399906178 237812.1 66
1745399916291 237812.1 67
1745399926365 237812.1 68
1745399936462 237811.6 69
1745399946556 237811.6 70
1745399956645 237811.6 71
1745399966747 237811.6 72
1745399976893 237811.6 73
1745399986993 237811.6 74
1745399997091 237811.6 75
1745400007197 237811.6 76
1745400017307 237811.6 77
1745400027438 237811.6 78
1745400037569 237811.6 79
1745400047651 237811.1 80
1745400057743 237811.1 81
1745400067843 237811.1 82
1745400077936 237811.1 83
1745400088037 237811.1 84
1745400098127 237811.1 85
1745400108216 237811.1 86
1745400118427 237811.1 87
1745400128552 237811.1 88
1745400138672 237811.1 89
1745400148788 237810.6 90
1745400158829 237810.6 91
1745400168881 237810.6 92
1745400178937 237810.6 93
1745400188984 237810.6 94
1745400199105 237810.6 95
1745400209176 237810.6 96
1745400219229 237810.6 97
1745400229335 237810.6 98
1745400239945 237810.6 99
1745400250009 237810.6 100
1745400260227 237810.6 101
1745400270284 237810.6 102
1745400280343 237810.0 103
1745400290462 237810.0 104
1745400300573 237810.0 105
1745400310663 237810.0 106
1745400320758 237810.0 107
