1745399239722 56.6 0
1745399249798 56.6 1
1745399259885 56.6 2
1745399269958 56.6 3
1745399280036 56.6 4
1745399290123 56.6 5
1745399300205 56.6 6
1745399310295 56.6 7
1745399320378 56.6 8
1745399330504 56.6 9
1745399340587 56.6 10
1745399350697 56.6 11
1745399360803 56.6 12
1745399370877 56.6 13
1745399380963 56.6 14
1745399391079 56.6 15
1745399401174 56.6 16
1745399411279 56.6 17
1745399421365 56.6 18
1745399431446 56.6 19
1745399441525 56.6 20
1745399451620 56.6 21
1745399461703 56.6 22
1745399471784 56.6 23
1745399481866 56.6 24
1745399491955 56.6 25
1745399502056 56.6 26
1745399512141 56.6 27
1745399522217 56.6 28
1745399532319 56.6 29
1745399542414 56.6 30
1745399552509 56.6 31
1745399562600 56.6 32
1745399572682 56.6 33
1745399582768 56.6 34
1745399592835 56.6 35
1745399602957 56.6 36
1745399613065 56.6 37
1745399623165 56.6 38
1745399633254 56.6 39
1745399643375 56.6 40
1745399653473 56.6 41
1745399663572 56.6 42
1745399673654 56.6 43
1745399683755 56.6 44
1745399693847 56.6 45
1745399703934 56.6 46
1745399714035 56.6 47
1745399724122 56.6 48
1745399734202 56.6 49
1745399744306 56.6 50
1745399754639 56.6 51
1745399764736 56.6 52
1745399774833 56.6 53
1745399784922 56.6 54
1745399795014 56.6 55
1745399805095 56.6 56
1745399815332 56.6 57
1745399825425 56.6 58
1745399835509 56.6 59
1745399845602 56.6 60
1745399855706 56.6 61
1745399865814 56.6 62
1745399875906 56.6 63
1745399885993 56.6 64
1745399896083 56.6 65
1745399906178 56.6 66
1745399916291 56.6 67
1745399926365 56.6 68
1745399936462 56.6 69
1745399946556 56.6 70
1745399956645 56.6 71
1745399966747 56.6 72
1745399976893 56.6 73
1745399986993 56.6 74
1745399997091 56.6 75
1745400007197 56.6 76
1745400017307 56.6 77
1745400027438 56.6 78
1745400037569 56.6 79
1745400047651 56.6 80
1745400057743 56.6 81
1745400067843 56.6 82
1745400077936 56.6 83
1745400088037 56.6 84
1745400098127 56.6 85
1745400108216 56.6 86
1745400118427 56.6 87
1745400128552 56.6 88
1745400138672 56.6 89
1745400148788 56.6 90
1745400158829 56.6 91
1745400168881 56.6 92
1745400178937 56.6 93
1745400188984 56.6 94
1745400199105 56.6 95
1745400209176 56.6 96
1745400219229 56.6 97
1745400229335 56.6 98
1745400239945 56.6 99
1745400250009 56.6 100
1745400260227 56.6 101
1745400270284 56.6 102
1745400280343 56.6 103
1745400290462 56.6 104
1745400300573 56.6 105
1745400310663 56.6 106
1745400320758 56.6 107
