1745399239722 310503.2 0
1745399249798 310503.3 1
1745399259885 310503.3 2
1745399269958 310503.3 3
1745399280036 310503.3 4
1745399290123 310503.3 5
1745399300205 310503.3 6
1745399310295 310503.0 7
1745399320378 310503.0 8
1745399330504 310503.6 9
1745399340587 310543.8 10
1745399350697 310543.8 11
1745399360803 310543.8 12
1745399370877 310544.3 13
1745399380963 310544.3 14
1745399391079 310544.3 15
1745399401174 310544.4 16
1745399411279 310544.4 17
1745399421365 310544.4 18
1745399431446 310544.9 19
1745399441525 310544.9 20
1745399451620 310544.9 21
1745399461703 310544.9 22
1745399471784 310544.9 23
1745399481866 310544.9 24
1745399491955 310544.9 25
1745399502056 310544.9 26
1745399512141 310544.9 27
1745399522217 310544.9 28
1745399532319 310545.5 29
1745399542414 310545.5 30
1745399552509 310545.5 31
1745399562600 310545.5 32
1745399572682 310545.5 33
1745399582768 310545.5 34
1745399592835 310545.5 35
1745399602957 310545.5 36
1745399613065 310545.5 37
1745399623165 310545.5 38
1745399633254 310546.0 39
1745399643375 310546.0 40
1745399653473 310546.0 41
1745399663572 310546.0 42
1745399673654 310546.0 43
1745399683755 310546.0 44
1745399693847 310546.0 45
1745399703934 310546.0 46
1745399714035 310546.0 47
1745399724122 310546.0 48
1745399734202 310546.5 49
1745399744306 310546.5 50
1745399754639 310546.5 51
1745399764736 310546.5 52
1745399774833 310546.5 53
1745399784922 310546.5 54
1745399795014 310546.5 55
1745399805095 310546.5 56
1745399815332 310546.5 57
1745399825425 310546.5 58
1745399835509 310547.1 59
1745399845602 310547.1 60
1745399855706 310547.1 61
1745399865814 310547.1 62
1745399875906 310547.1 63
1745399885993 310547.1 64
1745399896083 310547.1 65
1745399906178 310547.1 66
1745399916291 310547.1 67
1745399926365 310547.1 68
1745399936462 310547.5 69
1745399946556 310547.5 70
1745399956645 310547.5 71
1745399966747 310547.5 72
1745399976893 310547.5 73
1745399986993 310547.5 74
1745399997091 310547.5 75
1745400007197 310547.5 76
1745400017307 310547.5 77
1745400027438 310547.5 78
1745400037569 310547.5 79
1745400047651 310548.0 80
1745400057743 310548.0 81
1745400067843 310548.0 82
1745400077936 310548.0 83
1745400088037 310548.0 84
1745400098127 310548.0 85
1745400108216 310548.0 86
1745400118427 310548.0 87
1745400128552 310548.0 88
1745400138672 310548.0 89
1745400148788 310548.5 90
1745400158829 310548.5 91
1745400168881 310548.5 92
1745400178937 310548.5 93
1745400188984 310548.5 94
1745400199105 310548.5 95
1745400209176 310548.5 96
1745400219229 310548.5 97
1745400229335 310548.5 98
1745400239945 310548.5 99
1745400250009 310548.5 100
1745400260227 310548.5 101
1745400270284 310548.5 102
1745400280343 310549.1 103
1745400290462 310549.1 104
1745400300573 310549.1 105
1745400310663 310549.1 106
1745400320758 310549.1 107
