1745399239722 0.0 0
1745399249798 0.0012590000000010093 1
1745399259885 0.0023220000000012675 2
1745399269958 0.0033720000000005967 3
1745399280036 0.0047690000000013555 4
1745399290123 0.007625000000000881 5
1745399300205 0.013383000000001033 6
1745399310295 0.014684000000000808 7
1745399320378 0.029360000000000497 8
1745399330504 0.03036800000000106 9
1745399340587 0.03137599999999985 10
1745399350697 0.03252699999999997 11
1745399360803 0.0340940000000014 12
1745399370877 0.035395000000001176 13
1745399380963 0.03656500000000129 14
1745399391079 0.03761500000000062 15
1745399401174 0.038911000000000584 16
1745399411279 0.0475190000000012 17
1745399421365 0.048689000000001315 18
1745399431446 0.05151100000000142 19
1745399441525 0.0663670000000014 20
1745399451620 0.0706970000000009 21
1745399461703 0.07170500000000146 22
1745399471784 0.07271300000000025 23
1745399481866 0.07372100000000081 24
1745399491955 0.07498000000000005 25
1745399502056 0.07618599999999986 26
1745399512141 0.07723600000000097 27
1745399522217 0.09332400000000085 28
1745399532319 0.1003620000000005 29
1745399542414 0.10137000000000107 30
1745399552509 0.10710500000000067 31
1745399562600 0.11730499999999999 32
1745399572682 0.11831300000000056 33
1745399582768 0.1252209999999998 34
1745399592835 0.12633700000000125 35
1745399602957 0.12734500000000004 36
1745399613065 0.12880800000000114 37
1745399623165 0.12981599999999993 38
1745399633254 0.13093200000000138 39
1745399643375 0.1321980000000007 40
1745399653473 0.1333070000000003 41
1745399663572 0.13385300000000022 42
1745399673654 0.16434200000000132 43
1745399683755 0.17084600000000094 44
1745399693847 0.1718540000000015 45
1745399703934 0.1728620000000003 46
1745399714035 0.17336600000000146 47
1745399724122 0.1745169999999998 48
1745399734202 0.17783800000000127 49
1745399744306 0.1808740000000011 50
1745399754639 0.18368500000000054 51
1745399764736 0.1846930000000011 52
1745399774833 0.1854849999999999 53
1745399784922 0.18649300000000046 54
1745399795014 0.201924 55
1745399805095 0.20307500000000012 56
1745399815332 0.20585200000000015 57
1745399825425 0.2068600000000007 58
1745399835509 0.2073640000000001 59
1745399845602 0.20837200000000067 60
1745399855706 0.21013500000000107 61
1745399865814 0.2111850000000004 62
1745399875906 0.21229399999999998 63
1745399885993 0.21330200000000055 64
1745399896083 0.21380599999999994 65
1745399906178 0.21505600000000058 66
1745399916291 0.23052900000000065 67
1745399926365 0.23153700000000121 68
1745399936462 0.232545 69
1745399946556 0.23304900000000117 70
1745399956645 0.2342000000000013 71
1745399966747 0.23520800000000008 72
1745399976893 0.238861 73
1745399986993 0.23986900000000055 74
1745399997091 0.2409320000000008 75
1745400007197 0.24194000000000138 76
1745400017307 0.24244400000000077 77
1745400027438 0.24521900000000052 78
1745400037569 0.26269200000000126 79
1745400047651 0.2651760000000003 80
1745400057743 0.2712500000000002 81
1745400067843 0.2722580000000008 82
1745400077936 0.27276200000000017 83
1745400088037 0.27377000000000073 84
1745400098127 0.2748860000000004 85
1745400108216 0.27893400000000135 86
1745400118427 0.28441399999999994 87
1745400128552 0.2854220000000005 88
1745400138672 0.2859259999999999 89
1745400148788 0.28715000000000046 90
1745400158829 0.3020680000000002 91
1745400168881 0.30387300000000117 92
1745400178937 0.3051200000000005 93
1745400188984 0.47479200000000077 94
1745400199105 0.4892270000000014 95
1745400209176 0.4911500000000011 96
1745400219229 0.5286910000000002 97
1745400229335 0.5313940000000006 98
1745400239945 0.5329890000000006 99
1745400250009 0.6060569999999998 100
1745400260227 0.6196380000000001 101
1745400270284 0.6250460000000011 102
1745400280343 0.6507670000000001 103
1745400290462 0.6587160000000001 104
1745400300573 0.6841610000000014 105
1745400310663 0.6856590000000011 106
1745400320758 0.6872680000000013 107
