1745399239722 0.0 0
1745399249798 0.0011470000000031177 1
1745399259885 0.004436999999995805 2
1745399269958 0.00520700000001284 3
1745399280036 0.00674200000000269 4
1745399290123 0.010317000000014787 5
1745399300205 0.02377599999999802 6
1745399310295 0.024716000000012173 7
1745399320378 0.02570199999999545 8
1745399330504 0.026514000000020133 9
1745399340587 0.02750000000000341 10
1745399350697 0.02954600000001051 11
1745399360803 0.031190000000009377 12
1745399370877 0.03183000000001357 13
1745399380963 0.033129000000002407 14
1745399391079 0.0342809999999929 15
1745399401174 0.03490300000001412 16
1745399411279 0.04119299999999271 17
1745399421365 0.04279099999999403 18
1745399431446 0.048861000000016475 19
1745399441525 0.054133000000007314 20
1745399451620 0.0700649999999996 21
1745399461703 0.07036700000000451 22
1745399471784 0.07164400000002047 23
1745399481866 0.07232700000000136 24
1745399491955 0.07258300000000872 25
1745399502056 0.07436100000001034 26
1745399512141 0.07521500000001424 27
1745399522217 0.09730000000001837 28
1745399532319 0.16845700000001784 29
1745399542414 0.16999699999999507 30
1745399552509 0.17158000000000584 31
1745399562600 0.1736319999999978 32
1745399572682 0.174744000000004 33
1745399582768 0.1873329999999953 34
1745399592835 0.18850100000000225 35
1745399602957 0.18922499999999332 36
1745399613065 0.18996500000000083 37
1745399623165 0.19115500000000907 38
1745399633254 0.19323299999999222 39
1745399643375 0.19436699999999973 40
1745399653473 0.19614000000001397 41
1745399663572 0.20090700000000083 42
1745399673654 0.20773199999999292 43
1745399683755 0.20871800000000462 44
1745399693847 0.20970400000001632 45
1745399703934 0.21051600000001258 46
1745399714035 0.2116579999999999 47
1745399724122 0.212789000000015 48
1745399734202 0.2195000000000107 49
1745399744306 0.22445899999999597 50
1745399754639 0.23385700000000043 51
1745399764736 0.23457400000000916 52
1745399774833 0.2357020000000034 53
1745399784922 0.23689200000001165 54
1745399795014 0.23774600000001556 55
1745399805095 0.23831100000001015 56
1745399815332 0.24173500000000558 57
1745399825425 0.2425890000000095 58
1745399835509 0.2428030000000092 59
1745399845602 0.2443890000000124 60
1745399855706 0.24734000000000833 61
1745399865814 0.24768399999999247 62
1745399875906 0.24940700000001925 63
1745399885993 0.25025700000000484 64
1745399896083 0.25055900000000975 65
1745399906178 0.2523309999999981 66
1745399916291 0.253185000000002 67
1745399926365 0.2535709999999938 68
1745399936462 0.25477300000000014 69
1745399946556 0.257080000000002 70
1745399956645 0.2580650000000162 71
1745399966747 0.2594150000000184 72
1745399976893 0.26325300000002017 73
1745399986993 0.2635130000000174 74
1745399997091 0.2647479999999973 75
1745400007197 0.2657300000000191 76
1745400017307 0.26607400000000325 77
1745400027438 0.2736810000000105 78
1745400037569 0.28144500000001926 79
1745400047651 0.28444600000000264 80
1745400057743 0.3074970000000121 81
1745400067843 0.3079630000000009 82
1745400077936 0.30813900000001127 83
1745400088037 0.3086550000000159 84
1745400098127 0.3089390000000094 85
1745400108216 0.31162600000001817 86
1745400118427 0.31733400000001666 87
1745400128552 0.3175099999999986 88
1745400138672 0.31802600000000325 89
1745400148788 0.3182639999999992 90
1745400158829 0.3195699999999988 91
1745400168881 0.31978800000001684 92
1745400178937 0.3207710000000077 93
1745400188984 1.9727689999999996 94
1745400199105 2.0123080000000186 95
1745400209176 2.015749999999997 96
1745400219229 3.5013700000000085 97
1745400229335 3.5031000000000176 98
1745400239945 3.504007999999999 99
1745400250009 3.5352080000000115 100
1745400260227 3.5608310000000074 101
1745400270284 3.5666610000000105 102
1745400280343 3.5829960000000085 103
1745400290462 3.5897950000000094 104
1745400300573 3.637346000000008 105
1745400310663 3.640623000000005 106
1745400320758 3.6413670000000025 107
