1745399239722 9668.9 0
1745399249798 10848.1 1
1745399259885 10910.4 2
1745399269958 11037.9 3
1745399280036 11133.9 4
1745399290123 11368.1 5
1745399300205 11385.5 6
1745399310295 11163.0 7
1745399320378 11178.4 8
1745399330504 11305.6 9
1745399340587 11402.9 10
1745399350697 11592.5 11
1745399360803 11575.2 12
1745399370877 12026.1 13
1745399380963 12180.3 14
1745399391079 11901.5 15
1745399401174 12345.7 16
1745399411279 12140.8 17
1745399421365 11452.1 18
1745399431446 11778.8 19
1745399441525 11920.4 20
1745399451620 11934.0 21
1745399461703 11798.6 22
1745399471784 12112.5 23
1745399481866 11922.5 24
1745399491955 11978.7 25
1745399502056 12041.9 26
1745399512141 12132.8 27
1745399522217 11514.1 28
1745399532319 11792.7 29
1745399542414 11897.1 30
1745399552509 11989.2 31
1745399562600 12080.0 32
1745399572682 11909.8 33
1745399582768 12301.3 34
1745399592835 12093.9 35
1745399602957 11969.0 36
1745399613065 11375.4 37
1745399623165 11375.9 38
1745399633254 11801.0 39
1745399643375 11577.1 40
1745399653473 11644.3 41
1745399663572 11867.9 42
1745399673654 11754.5 43
1745399683755 11843.2 44
1745399693847 12258.0 45
1745399703934 12055.8 46
1745399714035 11473.7 47
1745399724122 11415.4 48
1745399734202 11843.7 49
1745399744306 11903.1 50
1745399754639 11946.0 51
1745399764736 11822.3 52
1745399774833 12254.9 53
1745399784922 11951.9 54
1745399795014 12327.4 55
1745399805095 12102.9 56
1745399815332 11469.7 57
1745399825425 11461.5 58
1745399835509 11891.9 59
1745399845602 11553.3 60
1745399855706 11819.8 61
1745399865814 11986.5 62
1745399875906 11785.8 63
1745399885993 12226.3 64
1745399896083 12105.3 65
1745399906178 12433.8 66
1745399916291 11578.2 67
1745399926365 11551.9 68
1745399936462 11769.8 69
1745399946556 11674.3 70
1745399956645 11676.9 71
1745399966747 12003.0 72
1745399976893 12200.9 73
1745399986993 11919.5 74
1745399997091 12311.8 75
1745400007197 12160.3 76
1745400017307 12280.6 77
1745400027438 11634.2 78
1745400037569 11647.5 79
1745400047651 11722.9 80
1745400057743 12030.6 81
1745400067843 12235.7 82
1745400077936 11865.9 83
1745400088037 11898.2 84
1745400098127 12409.4 85
1745400108216 12477.2 86
1745400118427 12152.4 87
1745400128552 11763.3 88
1745400138672 11769.7 89
1745400148788 11832.5 90
1745400158829 12169.6 91
1745400168881 12320.1 92
1745400178937 12137.9 93
1745400188984 13462.9 94
1745400199105 13335.5 95
1745400209176 13201.5 96
1745400219229 13147.4 97
1745400229335 13263.5 98
1745400239945 13271.9 99
1745400250009 12736.2 100
1745400260227 12735.3 101
1745400270284 12860.9 102
1745400280343 13581.3 103
1745400290462 13086.5 104
1745400300573 13465.0 105
1745400310663 12921.7 106
1745400320758 13402.7 107
