1745399239722 57.3 0
1745399249798 64.3 1
1745399259885 64.7 2
1745399269958 65.4 3
1745399280036 66.0 4
1745399290123 67.4 5
1745399300205 67.5 6
1745399310295 66.2 7
1745399320378 66.3 8
1745399330504 67.0 9
1745399340587 67.6 10
1745399350697 68.7 11
1745399360803 68.6 12
1745399370877 71.3 13
1745399380963 72.2 14
1745399391079 70.6 15
1745399401174 73.2 16
1745399411279 72.0 17
1745399421365 67.9 18
1745399431446 69.8 19
1745399441525 70.7 20
1745399451620 70.8 21
1745399461703 70.0 22
1745399471784 71.8 23
1745399481866 70.7 24
1745399491955 71.0 25
1745399502056 71.4 26
1745399512141 71.9 27
1745399522217 68.3 28
1745399532319 69.9 29
1745399542414 70.5 30
1745399552509 71.1 31
1745399562600 71.6 32
1745399572682 70.6 33
1745399582768 72.9 34
1745399592835 71.7 35
1745399602957 71.0 36
1745399613065 67.4 37
1745399623165 67.4 38
1745399633254 70.0 39
1745399643375 68.6 40
1745399653473 69.0 41
1745399663572 70.4 42
1745399673654 69.7 43
1745399683755 70.2 44
1745399693847 72.7 45
1745399703934 71.5 46
1745399714035 68.0 47
1745399724122 67.7 48
1745399734202 70.2 49
1745399744306 70.6 50
1745399754639 70.8 51
1745399764736 70.1 52
1745399774833 72.7 53
1745399784922 70.9 54
1745399795014 73.1 55
1745399805095 71.8 56
1745399815332 68.0 57
1745399825425 68.0 58
1745399835509 70.5 59
1745399845602 68.5 60
1745399855706 70.1 61
1745399865814 71.1 62
1745399875906 69.9 63
1745399885993 72.5 64
1745399896083 71.8 65
1745399906178 73.7 66
1745399916291 68.6 67
1745399926365 68.5 68
1745399936462 69.8 69
1745399946556 69.2 70
1745399956645 69.2 71
1745399966747 71.2 72
1745399976893 72.3 73
1745399986993 70.7 74
1745399997091 73.0 75
1745400007197 72.1 76
1745400017307 72.8 77
1745400027438 69.0 78
1745400037569 69.1 79
1745400047651 69.5 80
1745400057743 71.3 81
1745400067843 72.5 82
1745400077936 70.4 83
1745400088037 70.5 84
1745400098127 73.6 85
1745400108216 74.0 86
1745400118427 72.0 87
1745400128552 69.7 88
1745400138672 69.8 89
1745400148788 70.2 90
1745400158829 72.2 91
1745400168881 73.0 92
1745400178937 72.0 93
1745400188984 79.8 94
1745400199105 79.1 95
1745400209176 78.3 96
1745400219229 77.9 97
1745400229335 78.6 98
1745400239945 78.7 99
1745400250009 75.5 100
1745400260227 75.5 101
1745400270284 76.2 102
1745400280343 80.5 103
1745400290462 77.6 104
1745400300573 79.8 105
1745400310663 76.6 106
1745400320758 79.5 107
