1745511841024 0.0 0
1745511851054 23.1 1
1745511861092 20.3 2
1745511871227 17.3 3
1745511881299 9.1 4
1745511891376 10.0 5
1745511901483 13.5 6
1745511911588 10.1 7
1745511921660 8.9 8
1745511931744 11.1 9
1745511941821 12.9 10
1745511951894 11.7 11
1745511961980 25.2 12
1745511972011 12.5 13
1745511982042 25.8 14
1745511992078 22.1 15
1745512002118 12.6 16
1745512012146 18.9 17
1745512022194 14.8 18
1745512032269 16.5 19
1745512042359 15.9 20
1745512052446 15.6 21
1745512062523 11.1 22
1745512072604 13.5 23
1745512082701 22.2 24
1745512092780 32.2 25
1745512102886 15.3 26
1745512112982 20.8 27
1745512123111 18.8 28
1745512133147 14.6 29
1745512143247 20.9 30
1745512153348 14.6 31
1745512163398 14.5 32
1745512173487 16.4 33
1745512183574 18.1 34
1745512193652 14.0 35
1745512203753 9.3 36
1745512213841 18.9 37
1745512223925 39.9 38
1745512233969 28.1 39
1745512244083 19.2 40
1745512254108 25.2 41
1745512264164 15.5 42
1745512274553 13.9 43
1745512284661 20.0 44
1745512294766 21.7 45
