1745511841024 210177.5 0
1745511851054 204250.8 1
1745511861092 204250.8 2
1745511871227 204250.8 3
1745511881299 204250.8 4
1745511891376 204250.8 5
1745511901483 204250.8 6
1745511911588 204250.8 7
1745511921660 204250.8 8
1745511931744 204250.8 9
1745511941821 204250.8 10
1745511951894 204251.4 11
1745511961980 204251.4 12
1745511972011 207875.0 13
1745511982042 200017.0 14
1745511992078 200017.0 15
1745512002118 200017.0 16
1745512012146 200017.0 17
1745512022194 200017.0 18
1745512032269 199932.1 19
1745512042359 199932.1 20
1745512052446 200037.6 21
1745512062523 200037.6 22
1745512072604 200037.6 23
1745512082701 206207.0 24
1745512092780 208893.8 25
1745512102886 208893.3 26
1745512112982 200817.7 27
1745512123111 206250.5 28
1745512133147 206250.5 29
1745512143247 206250.5 30
1745512153348 206250.5 31
1745512163398 206250.5 32
1745512173487 206250.5 33
1745512183574 199649.2 34
1745512193652 199649.2 35
1745512203753 205643.0 36
1745512213841 208551.3 37
1745512223925 208550.9 38
1745512233969 208550.8 39
1745512244083 204531.6 40
1745512254108 204531.6 41
1745512264164 204531.6 42
1745512274553 204531.6 43
1745512284661 197800.0 44
1745512294766 206456.4 45
