1745511841024 338181.6 0
1745511851054 344108.3 1
1745511861092 344108.3 2
1745511871227 344108.3 3
1745511881299 344108.3 4
1745511891376 344108.3 5
1745511901483 344108.3 6
1745511911588 344108.3 7
1745511921660 344108.3 8
1745511931744 344108.3 9
1745511941821 344108.3 10
1745511951894 344107.7 11
1745511961980 344107.7 12
1745511972011 340484.1 13
1745511982042 348342.1 14
1745511992078 348342.1 15
1745512002118 348342.1 16
1745512012146 348342.1 17
1745512022194 348342.1 18
1745512032269 348427.0 19
1745512042359 348427.0 20
1745512052446 348321.5 21
1745512062523 348321.5 22
1745512072604 348321.5 23
1745512082701 342152.1 24
1745512092780 339465.3 25
1745512102886 339465.8 26
1745512112982 347541.4 27
1745512123111 342108.6 28
1745512133147 342108.6 29
1745512143247 342108.6 30
1745512153348 342108.6 31
1745512163398 342108.6 32
1745512173487 342108.6 33
1745512183574 348709.9 34
1745512193652 348709.9 35
1745512203753 342716.1 36
1745512213841 339807.8 37
1745512223925 339808.3 38
1745512233969 339808.3 39
1745512244083 343827.5 40
1745512254108 343827.5 41
1745512264164 343827.5 42
1745512274553 343827.5 43
1745512284661 350559.1 44
1745512294766 341902.7 45
