1745511841024 61.7 0
1745511851054 62.8 1
1745511861092 62.8 2
1745511871227 62.8 3
1745511881299 62.8 4
1745511891376 62.8 5
1745511901483 62.8 6
1745511911588 62.8 7
1745511921660 62.8 8
1745511931744 62.8 9
1745511941821 62.8 10
1745511951894 62.8 11
1745511961980 62.8 12
1745511972011 62.1 13
1745511982042 63.5 14
1745511992078 63.5 15
1745512002118 63.5 16
1745512012146 63.5 17
1745512022194 63.5 18
1745512032269 63.5 19
1745512042359 63.5 20
1745512052446 63.5 21
1745512062523 63.5 22
1745512072604 63.5 23
1745512082701 62.4 24
1745512092780 61.9 25
1745512102886 61.9 26
1745512112982 63.4 27
1745512123111 62.4 28
1745512133147 62.4 29
1745512143247 62.4 30
1745512153348 62.4 31
1745512163398 62.4 32
1745512173487 62.4 33
1745512183574 63.6 34
1745512193652 63.6 35
1745512203753 62.5 36
1745512213841 62.0 37
1745512223925 62.0 38
1745512233969 62.0 39
1745512244083 62.7 40
1745512254108 62.7 41
1745512264164 62.7 42
1745512274553 62.7 43
1745512284661 63.9 44
1745512294766 62.4 45
