1745511841024 0.0 0
1745511851054 0.0024890000000006296 1
1745511861092 0.0726210000000016 2
1745511871227 0.09632000000000218 3
1745511881299 0.11853299999999933 4
1745511891376 0.13457400000000064 5
1745511901483 0.14802500000000052 6
1745511911588 0.15065699999999893 7
1745511921660 0.15287500000000165 8
1745511931744 0.15645699999999962 9
1745511941821 0.17134100000000174 10
1745511951894 0.20466100000000154 11
1745511961980 0.2071530000000017 12
1745511972011 0.21027400000000185 13
1745511982042 0.22840400000000116 14
1745511992078 0.2375310000000006 15
1745512002118 0.24505600000000172 16
1745512012146 0.2473460000000003 17
1745512022194 0.2547300000000021 18
1745512032269 0.2565300000000015 19
1745512042359 0.2592320000000008 20
1745512052446 0.2696940000000012 21
1745512062523 0.2735699999999994 22
1745512072604 0.28894900000000234 23
1745512082701 0.29145400000000166 24
1745512092780 0.29346400000000017 25
1745512102886 0.29635299999999987 26
1745512112982 0.2982289999999992 27
1745512123111 0.3071330000000003 28
1745512133147 0.32324700000000206 29
1745512143247 0.34124900000000125 30
1745512153348 0.3629420000000003 31
1745512163398 0.38482700000000136 32
1745512173487 0.4000950000000003 33
1745512183574 0.40852800000000045 34
1745512193652 0.4401030000000006 35
1745512203753 0.4429160000000003 36
1745512213841 0.4535030000000013 37
1745512223925 0.5719680000000018 38
1745512233969 0.6204260000000019 39
1745512244083 0.6322879999999991 40
1745512254108 0.6533210000000018 41
1745512264164 0.655937999999999 42
1745512274553 0.6633810000000011 43
1745512284661 0.6752819999999993 44
1745512294766 0.6771799999999999 45
