1745511841024 0.0 0
1745511851054 0.0012370000000032633 1
1745511861092 0.06474500000000205 2
1745511871227 0.08293199999999956 3
1745511881299 0.11507699999999943 4
1745511891376 0.14284800000000075 5
1745511901483 0.15014999999999645 6
1745511911588 0.15123599999999726 7
1745511921660 0.15256300000000067 8
1745511931744 0.15609000000000606 9
1745511941821 0.16988499999999362 10
1745511951894 0.2576210000000003 11
1745511961980 0.25919600000000287 12
1745511972011 0.25981000000000165 13
1745511982042 0.2771709999999956 14
1745511992078 0.2799799999999948 15
1745512002118 0.2875970000000052 16
1745512012146 0.2915559999999999 17
1745512022194 0.2991269999999986 18
1745512032269 0.3003230000000059 19
1745512042359 0.3014220000000023 20
1745512052446 0.3098329999999976 21
1745512062523 0.318168 22
1745512072604 0.3190979999999968 23
1745512082701 0.3203019999999981 24
1745512092780 0.3211419999999947 25
1745512102886 0.32464899999999375 26
1745512112982 0.3260480000000001 27
1745512123111 0.3370699999999971 28
1745512133147 0.3586520000000064 29
1745512143247 0.3659990000000022 30
1745512153348 0.38105199999999684 31
1745512163398 0.39577400000000296 32
1745512173487 0.4079200000000043 33
1745512183574 0.4122019999999935 34
1745512193652 0.44418199999999786 35
1745512203753 0.4458110000000062 36
1745512213841 0.4581369999999936 37
1745512223925 0.7815120000000064 38
1745512233969 1.2386259999999965 39
1745512244083 1.2527860000000004 40
1745512254108 1.2709559999999982 41
1745512264164 1.2729309999999998 42
1745512274553 1.2810419999999993 43
1745512284661 1.2907069999999976 44
1745512294766 1.2917439999999942 45
