1745511841024 10481.3 0
1745511851054 15113.8 1
1745511861092 11232.8 2
1745511871227 15453.9 3
1745511881299 15852.4 4
1745511891376 15857.6 5
1745511901483 11319.0 6
1745511911588 15852.6 7
1745511921660 15886.8 8
1745511931744 11390.8 9
1745511941821 11307.5 10
1745511951894 11457.0 11
1745511961980 11458.9 12
1745511972011 11873.1 13
1745511982042 15944.9 14
1745511992078 15529.0 15
1745512002118 14859.9 16
1745512012146 11146.3 17
1745512022194 15849.0 18
1745512032269 15771.9 19
1745512042359 12457.3 20
1745512052446 11124.1 21
1745512062523 15673.3 22
1745512072604 15788.8 23
1745512082701 11206.3 24
1745512092780 10929.2 25
1745512102886 11329.4 26
1745512112982 15324.7 27
1745512123111 10411.8 28
1745512133147 15289.4 29
1745512143247 15315.6 30
1745512153348 15313.0 31
1745512163398 14644.5 32
1745512173487 15553.1 33
1745512183574 14626.3 34
1745512193652 14075.3 35
1745512203753 15590.1 36
1745512213841 10881.2 37
1745512223925 12221.5 38
1745512233969 12581.0 39
1745512244083 11469.4 40
1745512254108 16275.5 41
1745512264164 15340.4 42
1745512274553 15373.1 43
1745512284661 10786.3 44
1745512294766 10750.1 45
