1745511841024 62.1 0
1745511851054 89.6 1
1745511861092 66.6 2
1745511871227 91.6 3
1745511881299 94.0 4
1745511891376 94.0 5
1745511901483 67.1 6
1745511911588 94.0 7
1745511921660 94.2 8
1745511931744 67.5 9
1745511941821 67.0 10
1745511951894 67.9 11
1745511961980 67.9 12
1745511972011 70.4 13
1745511982042 94.5 14
1745511992078 92.1 15
1745512002118 88.1 16
1745512012146 66.1 17
1745512022194 94.0 18
1745512032269 93.5 19
1745512042359 73.9 20
1745512052446 66.0 21
1745512062523 92.9 22
1745512072604 93.6 23
1745512082701 66.4 24
1745512092780 64.8 25
1745512102886 67.2 26
1745512112982 90.9 27
1745512123111 61.7 28
1745512133147 90.6 29
1745512143247 90.8 30
1745512153348 90.8 31
1745512163398 86.8 32
1745512173487 92.2 33
1745512183574 86.7 34
1745512193652 83.4 35
1745512203753 92.4 36
1745512213841 64.5 37
1745512223925 72.5 38
1745512233969 74.6 39
1745512244083 68.0 40
1745512254108 96.5 41
1745512264164 91.0 42
1745512274553 91.1 43
1745512284661 63.9 44
1745512294766 63.7 45
