1745372909063 0.0 0
1745372919122 20.2 1
1745372929168 28.8 2
1745372939210 19.3 3
1745372949246 13.7 4
1745372959332 13.6 5
1745372969369 15.6 6
1745372979469 14.1 7
1745372989517 25.6 8
1745372999615 27.3 9
1745373009667 32.0 10
1745373019731 19.7 11
1745373029816 32.8 12
1745373039924 32.0 13
1745373049973 17.9 14
1745373060029 20.5 15
1745373070081 25.8 16
1745373080136 29.6 17
1745373090231 21.0 18
1745373100402 17.5 19
1745373110446 16.0 20
1745373120501 18.1 21
1745373130622 22.1 22
1745373140684 20.0 23
1745373150728 13.5 24
1745373161012 19.1 25
1745373171108 28.7 26
1745373181174 31.9 27
1745373191350 24.4 28
1745373201398 18.6 29
1745373211468 19.5 30
1745373221571 17.0 31
1745373231612 15.2 32
1745373241657 18.3 33
1745373251763 17.0 34
1745373261802 12.1 35
1745373271844 18.2 36
1745373281955 19.6 37
1745373292063 13.9 38
1745373302136 16.3 39
1745373312253 28.1 40
1745373322295 13.7 41
1745373332362 20.0 42
1745373342472 14.8 43
1745373352517 14.1 44
1745373362569 23.1 45
1745373372671 32.9 46
1745373382731 20.3 47
1745373392776 14.8 48
1745373402875 14.4 49
1745373412920 17.2 50
1745373422958 24.8 51
1745373432995 19.0 52
1745373443039 32.6 53
1745373453132 18.1 54
1745373463173 11.4 55
1745373473275 15.2 56
1745373483364 16.1 57
1745373493401 14.8 58
1745373503447 14.0 59
1745373513781 34.2 60
1745373524146 24.1 61
1745373534470 33.6 62
1745373544932 46.0 63
1745373555313 35.1 64
1745376309841 52.3 65
