1745372909063 56.6 0
1745372919122 57.7 1
1745372929168 58.9 2
1745372939210 58.9 3
1745372949246 58.9 4
1745372959332 58.9 5
1745372969369 58.9 6
1745372979469 58.9 7
1745372989517 58.9 8
1745372999615 58.9 9
1745373009667 58.9 10
1745373019731 58.9 11
1745373029816 57.7 12
1745373039924 57.7 13
1745373049973 57.7 14
1745373060029 59.6 15
1745373070081 59.6 16
1745373080136 59.6 17
1745373090231 59.6 18
1745373100402 59.6 19
1745373110446 59.6 20
1745373120501 59.6 21
1745373130622 57.9 22
1745373140684 59.8 23
1745373150728 59.8 24
1745373161012 59.8 25
1745373171108 57.8 26
1745373181174 57.8 27
1745373191350 57.8 28
1745373201398 59.6 29
1745373211468 59.6 30
1745373221571 59.6 31
1745373231612 59.6 32
1745373241657 59.6 33
1745373251763 59.7 34
1745373261802 59.7 35
1745373271844 59.7 36
1745373281955 57.8 37
1745373292063 59.7 38
1745373302136 59.7 39
1745373312253 57.7 40
1745373322295 57.7 41
1745373332362 59.6 42
1745373342472 59.6 43
1745373352517 59.6 44
1745373362569 59.6 45
1745373372671 59.6 46
1745373382731 59.6 47
1745373392776 59.6 48
1745373402875 60.0 49
1745373412920 60.0 50
1745373422958 58.2 51
1745373432995 58.0 52
1745373443039 58.0 53
1745373453132 58.0 54
1745373463173 59.9 55
1745373473275 59.9 56
1745373483364 59.9 57
1745373493401 59.9 58
1745373503447 59.9 59
1745373513781 59.9 60
1745373524146 59.9 61
1745373534470 59.9 62
1745373544932 58.1 63
1745373555313 58.1 64
1745376309841 60.0 65
