1745372909063 238053.4 0
1745372919122 232031.8 1
1745372929168 225457.6 2
1745372939210 225457.6 3
1745372949246 225457.6 4
1745372959332 225457.6 5
1745372969369 225457.6 6
1745372979469 225457.6 7
1745372989517 225457.6 8
1745372999615 225457.6 9
1745373009667 225457.6 10
1745373019731 225457.6 11
1745373029816 231837.8 12
1745373039924 231837.2 13
1745373049973 231837.2 14
1745373060029 221573.0 15
1745373070081 221573.0 16
1745373080136 221573.0 17
1745373090231 221573.0 18
1745373100402 221573.0 19
1745373110446 221573.0 20
1745373120501 221573.0 21
1745373130622 230772.6 22
1745373140684 220554.5 23
1745373150728 220554.5 24
1745373161012 220434.6 25
1745373171108 231651.5 26
1745373181174 231650.9 27
1745373191350 231650.9 28
1745373201398 221332.2 29
1745373211468 221332.2 30
1745373221571 221332.2 31
1745373231612 221332.2 32
1745373241657 221332.2 33
1745373251763 221220.5 34
1745373261802 221220.5 35
1745373271844 221220.5 36
1745373281955 231234.1 37
1745373292063 221014.0 38
1745373302136 221014.0 39
1745373312253 231977.2 40
1745373322295 231976.6 41
1745373332362 221747.3 42
1745373342472 221747.3 43
1745373352517 221747.3 44
1745373362569 221747.3 45
1745373372671 221747.3 46
1745373382731 221747.3 47
1745373392776 221747.3 48
1745373402875 219428.5 49
1745373412920 219428.5 50
1745373422958 229145.3 51
1745373432995 230072.4 52
1745373443039 230324.0 53
1745373453132 230323.4 54
1745373463173 220097.8 55
1745373473275 220097.8 56
1745373483364 220097.8 57
1745373493401 220097.8 58
1745373503447 220097.8 59
1745373513781 220097.8 60
1745373524146 220097.8 61
1745373534470 220097.8 62
1745373544932 229728.4 63
1745373555313 229728.4 64
1745376309841 219517.6 65
