1745372909063 310305.7 0
1745372919122 316327.3 1
1745372929168 322901.5 2
1745372939210 322901.5 3
1745372949246 322901.5 4
1745372959332 322901.5 5
1745372969369 322901.5 6
1745372979469 322901.5 7
1745372989517 322901.5 8
1745372999615 322901.5 9
1745373009667 322901.5 10
1745373019731 322901.5 11
1745373029816 316521.3 12
1745373039924 316521.9 13
1745373049973 316521.9 14
1745373060029 326786.1 15
1745373070081 326786.1 16
1745373080136 326786.1 17
1745373090231 326786.1 18
1745373100402 326786.1 19
1745373110446 326786.1 20
1745373120501 326786.1 21
1745373130622 317586.5 22
1745373140684 327804.6 23
1745373150728 327804.6 24
1745373161012 327924.5 25
1745373171108 316707.6 26
1745373181174 316708.2 27
1745373191350 316708.2 28
1745373201398 327026.9 29
1745373211468 327026.9 30
1745373221571 327026.9 31
1745373231612 327026.9 32
1745373241657 327026.9 33
1745373251763 327138.7 34
1745373261802 327138.7 35
1745373271844 327138.7 36
1745373281955 317125.0 37
1745373292063 327345.1 38
1745373302136 327345.1 39
1745373312253 316381.9 40
1745373322295 316382.5 41
1745373332362 326611.8 42
1745373342472 326611.8 43
1745373352517 326611.8 44
1745373362569 326611.8 45
1745373372671 326611.8 46
1745373382731 326611.8 47
1745373392776 326611.8 48
1745373402875 328930.6 49
1745373412920 328930.6 50
1745373422958 319213.8 51
1745373432995 318286.7 52
1745373443039 318035.1 53
1745373453132 318035.7 54
1745373463173 328261.3 55
1745373473275 328261.3 56
1745373483364 328261.3 57
1745373493401 328261.3 58
1745373503447 328261.3 59
1745373513781 328261.3 60
1745373524146 328261.3 61
1745373534470 328261.3 62
1745373544932 318630.7 63
1745373555313 318630.7 64
1745376309841 328841.5 65
