1745372909063 0.0 0
1745372919122 2.706308999999976 1
1745372929168 4.562531000000035 2
1745372939210 4.569636999999943 3
1745372949246 9.075017000000003 4
1745372959332 9.329147000000034 5
1745372969369 13.126594999999952 6
1745372979469 13.12804600000004 7
1745372989517 17.035849999999982 8
1745372999615 24.05320400000005 9
1745373009667 29.814329000000043 10
1745373019731 31.24563999999998 11
1745373029816 32.04643299999998 12
1745373039924 33.22095999999999 13
1745373049973 33.380679999999984 14
1745373060029 33.39595699999995 15
1745373070081 36.19274800000005 16
1745373080136 44.01952300000005 17
1745373090231 48.763210999999956 18
1745373100402 54.349468 19
1745373110446 62.865583000000015 20
1745373120501 68.39041099999997 21
1745373130622 73.60935800000004 22
1745373140684 76.62344299999995 23
1745373150728 81.68201599999998 24
1745373161012 83.07902100000001 25
1745373171108 87.333212 26
1745373181174 89.77374399999997 27
1745373191350 93.77860299999998 28
1745373201398 94.45187299999998 29
1745373211468 98.73944400000005 30
1745373221571 103.84088599999995 31
1745373231612 107.90757099999996 32
1745373241657 107.92148199999997 33
1745373251763 108.79632200000003 34
1745373261802 108.799395 35
1745373271844 108.84453699999995 36
1745373281955 108.97759099999996 37
1745373292063 109.08179900000005 38
1745373302136 109.08563700000002 39
1745373312253 109.14109499999995 40
1745373322295 109.34026500000004 41
1745373332362 109.35445300000003 42
1745373342472 109.39986899999997 43
1745373352517 110.97865999999999 44
1745373362569 113.146071 45
1745373372671 116.82269399999996 46
1745373382731 118.96839699999998 47
1745373392776 120.50625000000002 48
1745373402875 121.282824 49
1745373412920 122.06858 50
1745373422958 122.84084499999994 51
1745373432995 123.63120900000001 52
1745373443039 124.42694100000006 53
1745373453132 125.23729100000003 54
1745373463173 125.62035100000003 55
1745373473275 126.00477999999998 56
1745373483364 126.30341199999998 57
1745373493401 126.40781300000003 58
1745373503447 126.41224499999998 59
1745373513781 126.43560500000001 60
1745373524146 126.45079399999997 61
1745373534470 126.47834699999999 62
1745373544932 126.50886200000002 63
1745373555313 126.51966100000004 64
1745376309841 126.53933400000005 65
