1745372909063 0.0 0
1745372919122 0.04269899999999893 1
1745372929168 0.07575599999999838 2
1745372939210 0.08206699999999856 3
1745372949246 0.1386080000000014 4
1745372959332 0.1780620000000006 5
1745372969369 0.28607299999999825 6
1745372979469 0.2882239999999996 7
1745372989517 0.739021000000001 8
1745372999615 1.3727610000000006 9
1745373009667 2.215081999999999 10
1745373019731 2.567432 11
1745373029816 2.8066910000000007 12
1745373039924 3.0130969999999984 13
1745373049973 3.0904859999999985 14
1745373060029 3.1088489999999993 15
1745373070081 3.6059720000000013 16
1745373080136 3.8774300000000004 17
1745373090231 4.0069659999999985 18
1745373100402 4.214873000000001 19
1745373110446 4.381653 20
1745373120501 4.551556999999999 21
1745373130622 4.824652 22
1745373140684 5.082802999999998 23
1745373150728 5.194828999999999 24
1745373161012 5.345222 25
1745373171108 5.781106000000001 26
1745373181174 5.877306000000001 27
1745373191350 6.216380999999998 28
1745373201398 6.425985999999998 29
1745373211468 6.5153870000000005 30
1745373221571 6.613168999999999 31
1745373231612 6.665113999999999 32
1745373241657 6.682746999999999 33
1745373251763 6.720593999999998 34
1745373261802 6.724896999999999 35
1745373271844 6.748062999999998 36
1745373281955 6.781061000000001 37
1745373292063 6.808166 38
1745373302136 6.811250999999999 39
1745373312253 6.848289000000001 40
1745373322295 6.917116 41
1745373332362 6.94068 42
1745373342472 6.973103999999999 43
1745373352517 7.137757000000001 44
1745373362569 7.4787870000000005 45
1745373372671 8.222473 46
1745373382731 8.542929 47
1745373392776 9.366451000000001 48
1745373402875 9.408117 49
1745373412920 9.531286999999999 50
1745373422958 9.588828 51
1745373432995 9.746400999999999 52
1745373443039 9.790748 53
1745373453132 9.851510999999999 54
1745373463173 9.872539 55
1745373473275 9.902829999999998 56
1745373483364 9.928002 57
1745373493401 9.949237 58
1745373503447 9.952092 59
1745373513781 9.98348 60
1745373524146 10.004674000000001 61
1745373534470 10.030397999999998 62
1745373544932 10.054134999999999 63
1745373555313 10.070909 64
1745376309841 10.103462 65
