1745372909063 12144.1 0
1745372919122 11335.0 1
1745372929168 12886.6 2
1745372939210 15580.1 3
1745372949246 15674.8 4
1745372959332 14055.2 5
1745372969369 13287.1 6
1745372979469 15767.0 7
1745372989517 16270.8 8
1745372999615 15962.4 9
1745373009667 16107.1 10
1745373019731 15697.0 11
1745373029816 11635.6 12
1745373039924 11925.6 13
1745373049973 12467.0 14
1745373060029 15967.8 15
1745373070081 16329.1 16
1745373080136 11161.4 17
1745373090231 10859.5 18
1745373100402 15567.7 19
1745373110446 15649.9 20
1745373120501 15696.8 21
1745373130622 11283.4 22
1745373140684 13409.7 23
1745373150728 15905.4 24
1745373161012 16163.8 25
1745373171108 11488.3 26
1745373181174 11658.7 27
1745373191350 11972.9 28
1745373201398 14340.9 29
1745373211468 15997.2 30
1745373221571 16165.4 31
1745373231612 14740.6 32
1745373241657 11706.5 33
1745373251763 16286.5 34
1745373261802 16281.7 35
1745373271844 15684.5 36
1745373281955 11322.0 37
1745373292063 16002.6 38
1745373302136 11064.9 39
1745373312253 11084.7 40
1745373322295 11257.3 41
1745373332362 11632.8 42
1745373342472 15803.9 43
1745373352517 15917.3 44
1745373362569 14127.8 45
1745373372671 11691.6 46
1745373382731 16055.3 47
1745373392776 16129.8 48
1745373402875 15972.6 49
1745373412920 11531.6 50
1745373422958 12283.3 51
1745373432995 11350.9 52
1745373443039 11637.4 53
1745373453132 12363.4 54
1745373463173 16047.9 55
1745373473275 15790.3 56
1745373483364 11235.7 57
1745373493401 15966.3 58
1745373503447 15976.2 59
1745373513781 16234.0 60
1745373524146 15892.3 61
1745373534470 15501.5 62
1745373544932 11348.9 63
1745373555313 15915.9 64
1745376309841 15750.4 65
