1745372909063 72.0 0
1745372919122 67.2 1
1745372929168 76.4 2
1745372939210 92.4 3
1745372949246 92.9 4
1745372959332 83.3 5
1745372969369 78.8 6
1745372979469 93.5 7
1745372989517 96.5 8
1745372999615 94.6 9
1745373009667 95.5 10
1745373019731 93.1 11
1745373029816 69.0 12
1745373039924 70.7 13
1745373049973 73.9 14
1745373060029 94.7 15
1745373070081 96.8 16
1745373080136 66.2 17
1745373090231 64.4 18
1745373100402 92.3 19
1745373110446 92.8 20
1745373120501 93.1 21
1745373130622 66.9 22
1745373140684 79.5 23
1745373150728 94.3 24
1745373161012 95.8 25
1745373171108 68.1 26
1745373181174 69.1 27
1745373191350 71.0 28
1745373201398 85.0 29
1745373211468 94.8 30
1745373221571 95.8 31
1745373231612 87.4 32
1745373241657 69.4 33
1745373251763 96.6 34
1745373261802 96.5 35
1745373271844 93.0 36
1745373281955 67.1 37
1745373292063 94.9 38
1745373302136 65.6 39
1745373312253 65.7 40
1745373322295 66.7 41
1745373332362 69.0 42
1745373342472 93.7 43
1745373352517 94.4 44
1745373362569 83.8 45
1745373372671 69.3 46
1745373382731 95.2 47
1745373392776 95.6 48
1745373402875 94.7 49
1745373412920 68.4 50
1745373422958 72.8 51
1745373432995 67.3 52
1745373443039 69.0 53
1745373453132 73.3 54
1745373463173 95.1 55
1745373473275 93.6 56
1745373483364 66.6 57
1745373493401 94.7 58
1745373503447 94.7 59
1745373513781 96.2 60
1745373524146 94.2 61
1745373534470 91.9 62
1745373544932 67.3 63
1745373555313 94.4 64
1745376309841 93.4 65
