1745506648783 0.0 0
1745506658836 13.2 1
1745506668858 17.4 2
1745506679007 11.7 3
1745506689045 11.1 4
1745506700213 10.7 5
1745506710251 11.2 6
1745506720379 14.9 7
1745506730403 11.6 8
1745506740438 10.2 9
1745506750803 11.9 10
1745506760846 11.8 11
1745506770893 15.0 12
1745506781018 11.8 13
1745506792469 11.6 14
1745506803132 11.8 15
1745506813906 20.4 16
1745506823954 19.8 17
1745506836894 17.7 18
1745506846934 11.4 19
1745506857051 17.8 20
1745506867106 11.1 21
1745506878202 10.5 22
1745506888301 10.9 23
1745506898351 13.9 24
1745506908387 11.5 25
1745506918490 9.8 26
1745506928851 10.9 27
1745506938898 11.5 28
1745506949018 14.1 29
1745506959045 10.3 30
1745506970490 10.1 31
1745506980531 10.8 32
1745506990633 12.8 33
1745507000798 12.4 34
1745507011761 18.6 35
1745507021872 18.0 36
1745507031924 15.7 37
1745507041981 13.4 38
1745507052098 11.6 39
1745507062373 10.3 40
1745507072439 11.3 41
1745507082557 14.6 42
1745507092581 11.0 43
1745507104089 10.1 44
1745507114176 11.6 45
1745507124212 14.0 46
1745507134253 11.5 47
1745507144337 9.9 48
1745507154373 12.0 49
