1745506648783 344971.7 0
1745506658836 355197.2 1
1745506668858 355197.2 2
1745506679007 355598.4 3
1745506689045 355598.4 4
1745506700213 355598.4 5
1745506710251 355598.4 6
1745506720379 355598.4 7
1745506730403 355598.4 8
1745506740438 355598.6 9
1745506750803 355598.6 10
1745506760846 355598.6 11
1745506770893 355598.6 12
1745506781018 355598.6 13
1745506792469 355598.6 14
1745506803132 345600.1 15
1745506813906 345195.7 16
1745506823954 345195.7 17
1745506836894 345195.7 18
1745506846934 345236.6 19
1745506857051 345370.7 20
1745506867106 355690.7 21
1745506878202 355641.9 22
1745506888301 355641.9 23
1745506898351 355641.9 24
1745506908387 355641.9 25
1745506918490 355641.9 26
1745506928851 355641.9 27
1745506938898 355602.6 28
1745506949018 345644.1 29
1745506959045 355975.1 30
1745506970490 355975.1 31
1745506980531 355975.1 32
1745506990633 346085.5 33
1745507000798 346085.5 34
1745507011761 345495.5 35
1745507021872 345287.6 36
1745507031924 345288.2 37
1745507041981 355620.8 38
1745507052098 355620.8 39
1745507062373 355620.8 40
1745507072439 355620.8 41
1745507082557 345975.6 42
1745507092581 356264.7 43
1745507104089 356166.7 44
1745507114176 356166.7 45
1745507124212 356166.7 46
1745507134253 356166.7 47
1745507144337 356166.7 48
1745507154373 356166.7 49
