1745506648783 203387.4 0
1745506658836 193161.9 1
1745506668858 193161.9 2
1745506679007 192760.7 3
1745506689045 192760.7 4
1745506700213 192760.7 5
1745506710251 192760.7 6
1745506720379 192760.7 7
1745506730403 192760.7 8
1745506740438 192760.5 9
1745506750803 192760.5 10
1745506760846 192760.5 11
1745506770893 192760.5 12
1745506781018 192760.5 13
1745506792469 192760.5 14
1745506803132 202759.0 15
1745506813906 203163.4 16
1745506823954 203163.4 17
1745506836894 203163.4 18
1745506846934 203122.5 19
1745506857051 202988.4 20
1745506867106 192668.4 21
1745506878202 192717.2 22
1745506888301 192717.2 23
1745506898351 192717.2 24
1745506908387 192717.2 25
1745506918490 192717.2 26
1745506928851 192717.2 27
1745506938898 192756.5 28
1745506949018 202715.0 29
1745506959045 192384.0 30
1745506970490 192384.0 31
1745506980531 192384.0 32
1745506990633 202273.6 33
1745507000798 202273.6 34
1745507011761 202863.6 35
1745507021872 203071.5 36
1745507031924 203070.9 37
1745507041981 192738.3 38
1745507052098 192738.3 39
1745507062373 192738.3 40
1745507072439 192738.3 41
1745507082557 202383.5 42
1745507092581 192094.4 43
1745507104089 192192.4 44
1745507114176 192192.4 45
1745507124212 192192.4 46
1745507134253 192192.4 47
1745507144337 192192.4 48
1745507154373 192192.4 49
