1745506648783 62.9 0
1745506658836 64.8 1
1745506668858 64.8 2
1745506679007 64.8 3
1745506689045 64.8 4
1745506700213 64.8 5
1745506710251 64.8 6
1745506720379 64.8 7
1745506730403 64.8 8
1745506740438 64.8 9
1745506750803 64.8 10
1745506760846 64.8 11
1745506770893 64.8 12
1745506781018 64.8 13
1745506792469 64.8 14
1745506803132 63.0 15
1745506813906 63.0 16
1745506823954 63.0 17
1745506836894 63.0 18
1745506846934 63.0 19
1745506857051 63.0 20
1745506867106 64.9 21
1745506878202 64.9 22
1745506888301 64.9 23
1745506898351 64.9 24
1745506908387 64.9 25
1745506918490 64.9 26
1745506928851 64.9 27
1745506938898 64.8 28
1745506949018 63.0 29
1745506959045 64.9 30
1745506970490 64.9 31
1745506980531 64.9 32
1745506990633 63.1 33
1745507000798 63.1 34
1745507011761 63.0 35
1745507021872 63.0 36
1745507031924 63.0 37
1745507041981 64.9 38
1745507052098 64.9 39
1745507062373 64.9 40
1745507072439 64.9 41
1745507082557 63.1 42
1745507092581 65.0 43
1745507104089 65.0 44
1745507114176 65.0 45
1745507124212 65.0 46
1745507134253 65.0 47
1745507144337 65.0 48
1745507154373 65.0 49
