1745506648783 0.0 0
1745506658836 0.004148000000000707 1
1745506668858 0.011976000000000653 2
1745506679007 0.019546000000000063 3
1745506689045 0.021270000000001232 4
1745506700213 0.023446000000001632 5
1745506710251 0.025020000000001374 6
1745506720379 0.026740000000000208 7
1745506730403 0.02804500000000054 8
1745506740438 0.03220500000000115 9
1745506750803 0.03836500000000065 10
1745506760846 0.054552000000001044 11
1745506770893 0.06748300000000107 12
1745506781018 0.06888500000000164 13
1745506792469 0.07066400000000073 14
1745506803132 0.08058600000000027 15
1745506813906 0.08214700000000086 16
1745506823954 0.10208200000000112 17
1745506836894 0.11957100000000054 18
1745506846934 0.12142100000000156 19
1745506857051 0.12380600000000008 20
1745506867106 0.12570600000000098 21
1745506878202 0.1275150000000007 22
1745506888301 0.15873000000000026 23
1745506898351 0.16037900000000072 24
1745506908387 0.16659800000000047 25
1745506918490 0.1799470000000003 26
1745506928851 0.18190799999999996 27
1745506938898 0.1840400000000013 28
1745506949018 0.19563400000000009 29
1745506959045 0.19921600000000161 30
1745506970490 0.20101100000000116 31
1745506980531 0.20356800000000064 32
1745506990633 0.2048590000000008 33
1745507000798 0.2205350000000017 34
1745507011761 0.22671300000000016 35
1745507021872 0.2285130000000013 36
1745507031924 0.23039300000000118 37
1745507041981 0.242560000000001 38
1745507052098 0.24423500000000153 39
1745507062373 0.24589000000000105 40
1745507072439 0.2657760000000007 41
1745507082557 0.26740600000000114 42
1745507092581 0.2803840000000015 43
1745507104089 0.2828730000000004 44
1745507114176 0.3041410000000013 45
1745507124212 0.3203590000000016 46
1745507134253 0.3229110000000013 47
1745507144337 0.32442600000000077 48
1745507154373 0.32766100000000087 49
