1745506648783 0.0 0
1745506658836 0.008842999999998824 1
1745506668858 0.01645099999999644 2
1745506679007 0.025323000000000206 3
1745506689045 0.030005000000002724 4
1745506700213 0.03230599999999839 5
1745506710251 0.03421300000000116 6
1745506720379 0.0350040000000007 7
1745506730403 0.03589600000000104 8
1745506740438 0.03919299999999737 9
1745506750803 0.046593999999998914 10
1745506760846 0.047798999999997704 11
1745506770893 0.05939099999999797 12
1745506781018 0.06079400000000135 13
1745506792469 0.0655179999999973 14
1745506803132 0.07677400000000034 15
1745506813906 0.07835899999999896 16
1745506823954 0.09373099999999823 17
1745506836894 0.10244000000000142 18
1745506846934 0.10806000000000182 19
1745506857051 0.1097079999999977 20
1745506867106 0.11082900000000251 21
1745506878202 0.11540099999999853 22
1745506888301 0.13024399999999758 23
1745506898351 0.13126599999999655 24
1745506908387 0.1335770000000025 25
1745506918490 0.1498980000000003 26
1745506928851 0.15106999999999715 27
1745506938898 0.16154799999999625 28
1745506949018 0.24400899999999837 29
1745506959045 0.24784999999999968 30
1745506970490 0.24959199999999981 31
1745506980531 0.25418899999999667 32
1745506990633 0.2550549999999987 33
1745507000798 0.2566550000000021 34
1745507011761 0.266176999999999 35
1745507021872 0.27801099999999934 36
1745507031924 0.27905799999999914 37
1745507041981 0.2932309999999987 38
1745507052098 0.2939700000000016 39
1745507062373 0.29972399999999766 40
1745507072439 0.32358099999999723 41
1745507082557 0.32803899999999686 42
1745507092581 0.3345739999999964 43
1745507104089 0.33551700000000295 44
1745507114176 0.3605039999999988 45
1745507124212 0.3617180000000033 46
1745507134253 0.3642579999999995 47
1745507144337 0.3650400000000005 48
1745507154373 0.36661000000000143 49
