1745506648783 11461.1 0
1745506658836 11003.3 1
1745506668858 10994.1 2
1745506679007 15633.6 3
1745506689045 15692.5 4
1745506700213 15720.0 5
1745506710251 11023.9 6
1745506720379 11026.7 7
1745506730403 15646.8 8
1745506740438 15624.7 9
1745506750803 15582.5 10
1745506760846 11070.9 11
1745506770893 11154.4 12
1745506781018 15802.0 13
1745506792469 15610.3 14
1745506803132 11057.3 15
1745506813906 11084.2 16
1745506823954 11090.9 17
1745506836894 11095.8 18
1745506846934 11212.0 19
1745506857051 10950.7 20
1745506867106 15527.8 21
1745506878202 15462.6 22
1745506888301 10843.0 23
1745506898351 10895.9 24
1745506908387 15523.2 25
1745506918490 15560.8 26
1745506928851 15552.0 27
1745506938898 10929.2 28
1745506949018 10859.8 29
1745506959045 15495.2 30
1745506970490 15527.2 31
1745506980531 10937.7 32
1745506990633 10971.9 33
1745507000798 11024.4 34
1745507011761 11070.7 35
1745507021872 11071.6 36
1745507031924 11457.3 37
1745507041981 15825.4 38
1745507052098 15727.2 39
1745507062373 15459.9 40
1745507072439 11044.6 41
1745507082557 11031.9 42
1745507092581 15718.6 43
1745507104089 15740.8 44
1745507114176 11046.2 45
1745507124212 11136.2 46
1745507134253 15456.3 47
1745507144337 15456.1 48
1745507154373 11962.4 49
