1745506648783 68.0 0
1745506658836 65.2 1
1745506668858 65.2 2
1745506679007 92.7 3
1745506689045 93.0 4
1745506700213 93.2 5
1745506710251 65.4 6
1745506720379 65.4 7
1745506730403 92.8 8
1745506740438 92.6 9
1745506750803 92.4 10
1745506760846 65.6 11
1745506770893 66.1 12
1745506781018 93.7 13
1745506792469 92.6 14
1745506803132 65.6 15
1745506813906 65.7 16
1745506823954 65.8 17
1745506836894 65.8 18
1745506846934 66.5 19
1745506857051 64.9 20
1745506867106 92.1 21
1745506878202 91.7 22
1745506888301 64.3 23
1745506898351 64.6 24
1745506908387 92.0 25
1745506918490 92.3 26
1745506928851 92.2 27
1745506938898 64.8 28
1745506949018 64.4 29
1745506959045 91.9 30
1745506970490 92.1 31
1745506980531 64.8 32
1745506990633 65.1 33
1745507000798 65.4 34
1745507011761 65.6 35
1745507021872 65.6 36
1745507031924 67.9 37
1745507041981 93.8 38
1745507052098 93.2 39
1745507062373 91.7 40
1745507072439 65.5 41
1745507082557 65.4 42
1745507092581 93.2 43
1745507104089 93.3 44
1745507114176 65.5 45
1745507124212 66.0 46
1745507134253 91.6 47
1745507144337 91.6 48
1745507154373 70.9 49
