1745511841104 0.0 0
1745511851136 23.2 1
1745511861174 20.3 2
1745511871262 17.2 3
1745511881335 9.0 4
1745511891428 10.1 5
1745511901505 13.5 6
1745511911606 10.0 7
1745511921682 8.9 8
1745511931752 11.2 9
1745511941840 12.8 10
1745511951914 11.7 11
1745511962009 25.1 12
1745511972050 12.5 13
1745511982086 25.9 14
1745511992123 22.0 15
1745512002157 12.6 16
1745512012195 19.0 17
1745512022240 14.6 18
1745512032342 16.5 19
1745512042446 16.1 20
1745512052534 15.4 21
1745512062619 11.0 22
1745512072697 13.6 23
1745512082796 22.2 24
1745512092884 32.2 25
1745512103004 15.2 26
1745512113097 21.0 27
1745512123135 18.6 28
1745512133174 14.6 29
1745512143254 20.9 30
1745512153344 14.6 31
1745512163367 14.5 32
1745512173467 16.4 33
1745512183551 18.1 34
1745512193654 14.0 35
1745512203743 9.4 36
1745512213846 18.8 37
1745512223964 40.0 38
1745512234008 28.0 39
1745512244041 19.3 40
1745512254076 25.2 41
1745512264164 15.5 42
1745512274551 13.9 43
1745512284663 19.9 44
1745512294760 21.8 45
