1745511841104 210177.5 0
1745511851136 204250.8 1
1745511861174 204250.8 2
1745511871262 204250.8 3
1745511881335 204250.8 4
1745511891428 204250.8 5
1745511901505 204250.8 6
1745511911606 204250.8 7
1745511921682 204250.8 8
1745511931752 204250.8 9
1745511941840 204250.8 10
1745511951914 204251.4 11
1745511962009 204251.4 12
1745511972050 207875.0 13
1745511982086 200017.0 14
1745511992123 200017.0 15
1745512002157 200017.0 16
1745512012195 200017.0 17
1745512022240 200017.0 18
1745512032342 199932.1 19
1745512042446 199932.1 20
1745512052534 200037.6 21
1745512062619 200037.6 22
1745512072697 200037.6 23
1745512082796 206207.0 24
1745512092884 208893.8 25
1745512103004 208893.3 26
1745512113097 200817.7 27
1745512123135 206250.5 28
1745512133174 206250.5 29
1745512143254 206250.5 30
1745512153344 206250.5 31
1745512163367 206250.5 32
1745512173467 206250.5 33
1745512183551 199649.2 34
1745512193654 199649.2 35
1745512203743 205643.0 36
1745512213846 208551.3 37
1745512223964 208550.9 38
1745512234008 208550.8 39
1745512244041 204531.6 40
1745512254076 204531.6 41
1745512264164 204531.6 42
1745512274551 204531.6 43
1745512284663 197800.0 44
1745512294760 206456.4 45
