1745511841104 61.7 0
1745511851136 62.8 1
1745511861174 62.8 2
1745511871262 62.8 3
1745511881335 62.8 4
1745511891428 62.8 5
1745511901505 62.8 6
1745511911606 62.8 7
1745511921682 62.8 8
1745511931752 62.8 9
1745511941840 62.8 10
1745511951914 62.8 11
1745511962009 62.8 12
1745511972050 62.1 13
1745511982086 63.5 14
1745511992123 63.5 15
1745512002157 63.5 16
1745512012195 63.5 17
1745512022240 63.5 18
1745512032342 63.5 19
1745512042446 63.5 20
1745512052534 63.5 21
1745512062619 63.5 22
1745512072697 63.5 23
1745512082796 62.4 24
1745512092884 61.9 25
1745512103004 61.9 26
1745512113097 63.4 27
1745512123135 62.4 28
1745512133174 62.4 29
1745512143254 62.4 30
1745512153344 62.4 31
1745512163367 62.4 32
1745512173467 62.4 33
1745512183551 63.6 34
1745512193654 63.6 35
1745512203743 62.5 36
1745512213846 62.0 37
1745512223964 62.0 38
1745512234008 62.0 39
1745512244041 62.7 40
1745512254076 62.7 41
1745512264164 62.7 42
1745512274551 62.7 43
1745512284663 63.9 44
1745512294760 62.4 45
