1745511841104 338181.6 0
1745511851136 344108.3 1
1745511861174 344108.3 2
1745511871262 344108.3 3
1745511881335 344108.3 4
1745511891428 344108.3 5
1745511901505 344108.3 6
1745511911606 344108.3 7
1745511921682 344108.3 8
1745511931752 344108.3 9
1745511941840 344108.3 10
1745511951914 344107.7 11
1745511962009 344107.7 12
1745511972050 340484.1 13
1745511982086 348342.1 14
1745511992123 348342.1 15
1745512002157 348342.1 16
1745512012195 348342.1 17
1745512022240 348342.1 18
1745512032342 348427.0 19
1745512042446 348427.0 20
1745512052534 348321.5 21
1745512062619 348321.5 22
1745512072697 348321.6 23
1745512082796 342152.1 24
1745512092884 339465.3 25
1745512103004 339465.9 26
1745512113097 347541.5 27
1745512123135 342108.6 28
1745512133174 342108.6 29
1745512143254 342108.6 30
1745512153344 342108.6 31
1745512163367 342108.6 32
1745512173467 342108.6 33
1745512183551 348709.9 34
1745512193654 348709.9 35
1745512203743 342716.1 36
1745512213846 339807.8 37
1745512223964 339808.3 38
1745512234008 339808.3 39
1745512244041 343827.5 40
1745512254076 343827.5 41
1745512264164 343827.5 42
1745512274551 343827.5 43
1745512284663 350559.1 44
1745512294760 341902.7 45
