1745511841104 0.0 0
1745511851136 0.0024890000000006296 1
1745511861174 0.0726210000000016 2
1745511871262 0.09632000000000218 3
1745511881335 0.11853299999999933 4
1745511891428 0.13457400000000064 5
1745511901505 0.14802500000000052 6
1745511911606 0.15065699999999893 7
1745511921682 0.15287500000000165 8
1745511931752 0.15645699999999962 9
1745511941840 0.17134100000000174 10
1745511951914 0.20466100000000154 11
1745511962009 0.2071530000000017 12
1745511972050 0.21027400000000185 13
1745511982086 0.22840400000000116 14
1745511992123 0.2375310000000006 15
1745512002157 0.24505600000000172 16
1745512012195 0.2473460000000003 17
1745512022240 0.2547300000000021 18
1745512032342 0.2565300000000015 19
1745512042446 0.2592320000000008 20
1745512052534 0.2696940000000012 21
1745512062619 0.2735699999999994 22
1745512072697 0.28894900000000234 23
1745512082796 0.29145400000000166 24
1745512092884 0.29346400000000017 25
1745512103004 0.29635299999999987 26
1745512113097 0.2982289999999992 27
1745512123135 0.3071330000000003 28
1745512133174 0.32324700000000206 29
1745512143254 0.34124900000000125 30
1745512153344 0.3629420000000003 31
1745512163367 0.38482700000000136 32
1745512173467 0.4000950000000003 33
1745512183551 0.40852800000000045 34
1745512193654 0.4401030000000006 35
1745512203743 0.4429160000000003 36
1745512213846 0.4535030000000013 37
1745512223964 0.5719680000000018 38
1745512234008 0.6204260000000019 39
1745512244041 0.6323420000000013 40
1745512254076 0.6533210000000018 41
1745512264164 0.655937999999999 42
1745512274551 0.6633810000000011 43
1745512284663 0.6752819999999993 44
1745512294760 0.6771799999999999 45
