1745511841104 0.0 0
1745511851136 0.0012370000000032633 1
1745511861174 0.06474500000000205 2
1745511871262 0.08293199999999956 3
1745511881335 0.11507699999999943 4
1745511891428 0.14284800000000075 5
1745511901505 0.15014999999999645 6
1745511911606 0.15123599999999726 7
1745511921682 0.15256300000000067 8
1745511931752 0.15614399999999762 9
1745511941840 0.16988499999999362 10
1745511951914 0.2576210000000003 11
1745511962009 0.25919600000000287 12
1745511972050 0.25981000000000165 13
1745511982086 0.2771709999999956 14
1745511992123 0.280068 15
1745512002157 0.2875970000000052 16
1745512012195 0.2915559999999999 17
1745512022240 0.2991269999999986 18
1745512032342 0.3003230000000059 19
1745512042446 0.3014220000000023 20
1745512052534 0.3098329999999976 21
1745512062619 0.318168 22
1745512072697 0.3190979999999968 23
1745512082796 0.3203019999999981 24
1745512092884 0.3211419999999947 25
1745512103004 0.32464899999999375 26
1745512113097 0.3260480000000001 27
1745512123135 0.3370699999999971 28
1745512133174 0.3586520000000064 29
1745512143254 0.3659990000000022 30
1745512153344 0.38105199999999684 31
1745512163367 0.39577400000000296 32
1745512173467 0.4079200000000043 33
1745512183551 0.4122019999999935 34
1745512193654 0.44418199999999786 35
1745512203743 0.4458110000000062 36
1745512213846 0.458083000000002 37
1745512223964 0.7816760000000045 38
1745512234008 1.2386259999999965 39
1745512244041 1.2527860000000004 40
1745512254076 1.2709559999999982 41
1745512264164 1.2729309999999998 42
1745512274551 1.2810419999999993 43
1745512284663 1.2907069999999976 44
1745512294760 1.2917439999999942 45
