1745511841104 62.1 0
1745511851136 89.6 1
1745511861174 66.6 2
1745511871262 93.7 3
1745511881335 94.0 4
1745511891428 94.0 5
1745511901505 67.1 6
1745511911606 94.0 7
1745511921682 94.2 8
1745511931752 67.5 9
1745511941840 67.0 10
1745511951914 67.9 11
1745511962009 67.9 12
1745511972050 70.4 13
1745511982086 94.4 14
1745511992123 92.1 15
1745512002157 85.3 16
1745512012195 66.1 17
1745512022240 94.0 18
1745512032342 93.5 19
1745512042446 70.6 20
1745512052534 66.0 21
1745512062619 92.9 22
1745512072697 93.6 23
1745512082796 66.5 24
1745512092884 64.8 25
1745512103004 67.2 26
1745512113097 90.7 27
1745512123135 61.7 28
1745512133174 90.6 29
1745512143254 90.8 30
1745512153344 90.8 31
1745512163367 86.4 32
1745512173467 92.2 33
1745512183551 87.5 34
1745512193654 82.7 35
1745512203743 92.4 36
1745512213846 64.5 37
1745512223964 72.6 38
1745512234008 74.6 39
1745512244041 68.0 40
1745512254076 96.5 41
1745512264164 90.9 42
1745512274551 91.1 43
1745512284663 63.9 44
1745512294760 63.7 45
