1745511841104 10482.3 0
1745511851136 15113.1 1
1745511861174 11233.5 2
1745511871262 15797.3 3
1745511881335 15852.4 4
1745511891428 15857.6 5
1745511901505 11319.4 6
1745511911606 15852.6 7
1745511921682 15886.8 8
1745511931752 11392.4 9
1745511941840 11307.8 10
1745511951914 11459.0 11
1745511962009 11459.0 12
1745511972050 11876.2 13
1745511982086 15922.3 14
1745511992123 15529.2 15
1745512002157 14391.7 16
1745512012195 11147.0 17
1745512022240 15849.5 18
1745512032342 15772.4 19
1745512042446 11910.6 20
1745512052534 11129.1 21
1745512062619 15674.0 22
1745512072697 15780.3 23
1745512082796 11220.3 24
1745512092884 10929.1 25
1745512103004 11338.9 26
1745512113097 15292.7 27
1745512123135 10413.5 28
1745512133174 15289.5 29
1745512143254 15316.2 30
1745512153344 15313.1 31
1745512163367 14581.3 32
1745512173467 15553.0 33
1745512183551 14751.3 34
1745512193654 13951.3 35
1745512203743 15590.7 36
1745512213846 10879.6 37
1745512223964 12237.0 38
1745512234008 12583.4 39
1745512244041 11470.3 40
1745512254076 16275.4 41
1745512264164 15340.2 42
1745512274551 15373.4 43
1745512284663 10786.1 44
1745512294760 10750.7 45
