1745500541246 0.0 0
1745500551282 17.4 1
1745500561364 13.4 2
1745500571397 11.3 3
1745500581438 17.2 4
1745500591956 11.3 5
1745500601998 11.0 6
1745500612045 16.6 7
1745500622125 10.8 8
1745500632168 11.3 9
1745500642192 16.0 10
1745500652278 12.4 11
1745500662362 18.2 12
1745500672569 23.7 13
1745500682743 25.9 14
1745500692902 12.2 15
1745500702949 13.9 16
1745500712974 10.4 17
1745500723130 14.9 18
1745500733173 10.6 19
1745500743205 13.5 20
1745500753345 14.0 21
1745500763379 9.9 22
1745500773425 12.0 23
1745500783587 15.0 24
1745500793642 10.0 25
1745500804052 15.8 26
1745500814164 23.8 27
1745500825459 22.0 28
1745500835503 14.7 29
1745500845577 15.6 30
1745500855609 10.9 31
1745500865650 16.0 32
1745500875732 11.7 33
1745500885772 11.9 34
1745500895805 15.4 35
1745500905892 10.6 36
1745500915929 11.4 37
1745500925986 15.4 38
1745500936067 10.0 39
1745500946786 18.1 40
1745500956836 24.7 41
1745500966928 23.7 42
1745500976959 12.1 43
1745500986989 11.8 44
1745500997159 13.8 45
1745501007208 17.3 46
1745501017236 11.4 47
1745501027368 14.2 48
1745501037408 11.9 49
1745501047433 11.1 50
1745501057552 14.8 51
1745501067571 12.4 52
1745501077621 10.4 53
1745501087715 19.3 54
1745501097779 21.5 55
1745501109084 19.6 56
1745501119121 14.1 57
1745501129250 16.4 58
1745501139292 10.2 59
1745501149323 12.3 60
1745501159406 14.6 61
1745501169441 9.7 62
1745501179475 13.4 63
1745501189566 13.7 64
1745501199598 9.8 65
1745501209634 12.3 66
1745501219713 14.2 67
1745501229759 14.4 68
1745501240341 23.3 69
1745501251931 21.1 70
1745501261959 13.4 71
1745501272014 17.6 72
1745501282087 10.7 73
1745501292153 13.9 74
1745501302192 12.4 75
1745501312273 10.1 76
1745501322319 13.7 77
1745501332371 12.2 78
1745501342450 10.1 79
1745501352497 14.0 80
1745501362564 12.0 81
1745501372648 14.3 82
1745501384197 22.1 83
1745501395815 19.9 84
1745501405846 15.4 85
1745501415982 16.3 86
1745501426018 12.2 87
1745501436055 14.0 88
1745501446223 15.7 89
1745501456261 12.7 90
1745501467085 11.2 91
1745501477178 15.5 92
1745501487208 9.5 93
1745501497256 12.1 94
1745501507368 14.9 95
1745501517397 12.4 96
1745501527427 22.4 97
1745501537567 21.6 98
1745501547619 16.9 99
1745501558351 14.4 100
1745501568445 13.1 101
1745501578478 14.6 102
1745501588822 10.1 103
1745501598922 12.1 104
1745501608942 14.3 105
1745501618972 10.3 106
1745501629062 11.2 107
1745501639102 14.0 108
1745501649138 11.3 109
1745501659229 10.4 110
1745501669277 18.4 111
1745501679417 22.1 112
1745501690083 21.2 113
1745501700184 12.2 114
1745501710224 16.0 115
1745501720281 11.4 116
1745501730393 13.2 117
1745501740416 12.6 118
1745501750575 11.9 119
1745501760661 13.7 120
1745501770704 16.4 121
1745501780746 10.0 122
1745501790840 12.8 123
1745501801306 14.5 124
1745501811339 13.4 125
1745501821442 22.6 126
1745501831492 22.3 127
1745501841518 19.3 128
1745501852033 12.4 129
1745501862067 11.0 130
1745501872093 15.2 131
1745501882543 10.6 132
1745501892571 11.3 133
1745501902630 15.1 134
1745501912701 9.9 135
1745501922733 12.9 136
1745501932777 12.7 137
1745501943970 10.0 138
1745501954358 10.6 139
1745501965029 21.8 140
1745501975070 20.8 141
1745501985228 19.9 142
1745501995284 13.2 143
1745502005316 10.9 144
1745502015523 12.1 145
1745502025540 13.9 146
1745502035596 10.3 147
1745502045796 13.5 148
1745502055831 12.3 149
1745502065870 10.8 150
1745502075958 13.0 151
1745502086014 14.2 152
1745502096035 10.2 153
1745502106426 16.0 154
1745502117244 22.0 155
1745502127293 19.9 156
1745502137385 17.2 157
1745502147431 13.6 158
1745502157478 12.8 159
1745502167658 10.4 160
1745502177709 11.1 161
1745502187735 14.9 162
1745502198455 10.3 163
1745502208486 11.1 164
1745502218530 15.2 165
1745502229283 9.8 166
1745502239343 10.8 167
1745502249381 11.7 168
1745502259537 21.3 169
1745502269605 18.6 170
1745502279953 21.4 171
1745502290060 11.4 172
1745502300108 14.8 173
1745502310381 11.3 174
1745502320468 11.6 175
1745502330536 18.3 176
1745502340558 11.2 177
1745502350664 11.7 178
1745502360706 14.4 179
1745502370732 12.7 180
1745502380826 10.9 181
1745502390900 13.4 182
1745502400939 12.3 183
1745502411412 20.3 184
1745502421513 22.1 185
1745502431565 20.3 186
1745502441620 15.5 187
1745502451691 12.9 188
1745502461741 11.3 189
1745502471785 14.2 190
1745502481858 11.5 191
1745502491912 9.9 192
1745502501957 13.2 193
1745502512080 13.1 194
1745502522968 9.8 195
1745502532996 11.0 196
1745502543414 15.9 197
1745502554304 10.6 198
1745502564896 21.2 199
1745502575002 22.0 200
1745502585068 16.3 201
1745502595127 20.3 202
1745502605213 24.0 203
1745502615251 18.9 204
1745502625306 15.6 205
1745502635383 11.8 206
1745502645735 11.3 207
1745502655777 12.5 208
1745502665890 17.4 209
1745502675934 12.2 210
1745502686115 13.5 211
1745502696487 12.5 212
1745502706550 12.2 213
1745502717248 26.3 214
1745502727600 20.6 215
1745502737699 23.6 216
1745502749411 11.3 217
1745502759455 8.6 218
1745502769611 15.7 219
1745502780467 10.0 220
1745502790563 11.5 221
1745502800652 15.3 222
1745502810708 10.4 223
1745502820787 10.6 224
1745502830894 14.1 225
1745502840945 11.9 226
1745502851856 10.7 227
1745502861897 10.9 228
1745502871990 11.0 229
1745502882057 21.8 230
1745502892160 18.8 231
1745502903250 21.3 232
1745502913287 11.6 233
1745502923371 16.7 234
1745502933890 10.0 235
1745502943929 11.2 236
1745502953989 17.2 237
1745502964080 11.0 238
1745502974132 11.2 239
1745502984168 14.1 240
1745502994280 12.0 241
1745503005060 9.4 242
1745503015102 11.1 243
1745503025216 10.9 244
1745503035243 22.0 245
1745503045321 19.4 246
1745503056214 21.0 247
1745503066248 11.8 248
1745503076319 16.3 249
1745503086824 10.5 250
1745503096892 11.5 251
1745503106953 14.9 252
1745503117058 10.4 253
1745503127131 10.5 254
1745503137190 13.6 255
1745503147305 11.6 256
1745503157553 10.3 257
1745503168471 11.7 258
1745503178542 10.6 259
1745503188649 22.7 260
1745503198744 20.6 261
1745503209275 20.3 262
1745503219386 11.7 263
1745503229434 14.9 264
1745503240430 10.5 265
1745503250513 11.0 266
1745503260564 14.4 267
1745503270583 11.0 268
1745503280676 11.3 269
1745503290710 13.3 270
1745503300775 13.8 271
1745503311952 10.1 272
1745503322058 10.8 273
1745503332107 11.2 274
1745503342213 22.9 275
1745503352272 20.2 276
1745503363244 18.9 277
1745503373288 13.3 278
1745503383389 15.3 279
1745503393784 10.1 280
1745503403849 11.8 281
1745503413953 15.2 282
1745503423987 10.3 283
1745503434029 10.5 284
1745503444168 14.6 285
1745503454213 11.6 286
1745503464571 12.0 287
1745503475036 12.9 288
1745503485083 12.1 289
1745503495127 22.6 290
1745503505289 19.3 291
