1745500541246 206891.7 0
1745500551282 198915.3 1
1745500561364 198350.0 2
1745500571397 198350.0 3
1745500581438 198416.6 4
1745500591956 198310.9 5
1745500601998 198310.9 6
1745500612045 198016.1 7
1745500622125 197957.5 8
1745500632168 197957.5 9
1745500642192 197732.2 10
1745500652278 205846.3 11
1745500662362 205846.3 12
1745500672569 206532.9 13
1745500682743 206532.4 14
1745500692902 206492.4 15
1745500702949 198413.6 16
1745500712974 198413.6 17
1745500723130 198413.6 18
1745500733173 198413.6 19
1745500743205 198413.6 20
1745500753345 198413.6 21
1745500763379 198413.6 22
1745500773425 198413.6 23
1745500783587 198413.6 24
1745500793642 198413.6 25
1745500804052 206478.1 26
1745500814164 206478.1 27
1745500825459 206611.0 28
1745500835503 206610.5 29
1745500845577 198105.7 30
1745500855609 198105.2 31
1745500865650 198105.2 32
1745500875732 198105.2 33
1745500885772 198105.2 34
1745500895805 198105.2 35
1745500905892 198105.2 36
1745500915929 198105.2 37
1745500925986 198105.2 38
1745500936067 198105.2 39
1745500946786 198105.2 40
1745500956836 206535.8 41
1745500966928 207011.8 42
1745500976959 198849.9 43
1745500986989 198849.9 44
1745500997159 198849.9 45
1745501007208 198849.9 46
1745501017236 198849.9 47
1745501027368 198849.9 48
1745501037408 198271.7 49
1745501047433 198271.7 50
1745501057552 198271.7 51
1745501067571 198271.7 52
1745501077621 197983.9 53
1745501087715 206370.8 54
1745501097779 206370.8 55
1745501109084 206370.8 56
1745501119121 206370.3 57
1745501129250 198190.1 58
1745501139292 198190.1 59
1745501149323 198190.1 60
1745501159406 197581.4 61
1745501169441 197581.4 62
1745501179475 197581.4 63
1745501189566 197581.4 64
1745501199598 197581.4 65
1745501209634 197581.4 66
1745501219713 197581.4 67
1745501229759 197581.4 68
1745501240341 206341.8 69
1745501251931 206488.2 70
1745501261959 206487.7 71
1745501272014 198425.7 72
1745501282087 197733.6 73
1745501292153 197733.6 74
1745501302192 197733.6 75
1745501312273 197733.6 76
1745501322319 205917.0 77
1745501332371 197742.8 78
1745501342450 197742.8 79
1745501352497 197742.8 80
1745501362564 197742.8 81
1745501372648 205901.8 82
1745501384197 205901.8 83
1745501395815 206131.9 84
1745501405846 206131.4 85
1745501415982 198053.8 86
1745501426018 198053.8 87
1745501436055 198053.8 88
1745501446223 198053.8 89
1745501456261 198053.8 90
1745501467085 198053.8 91
1745501477178 197824.8 92
1745501487208 197824.8 93
1745501497256 197808.5 94
1745501507368 197812.4 95
1745501517397 197812.4 96
1745501527427 206114.0 97
1745501537567 206114.0 98
1745501547619 206113.5 99
1745501558351 198042.1 100
1745501568445 198042.1 101
1745501578478 198042.1 102
1745501588822 198042.1 103
1745501598922 198042.1 104
1745501608942 197370.3 105
1745501618972 197370.3 106
1745501629062 197370.3 107
1745501639102 197370.3 108
1745501649138 197370.3 109
1745501659229 197370.3 110
1745501669277 197370.3 111
1745501679417 205956.2 112
1745501690083 205956.2 113
1745501700184 205955.6 114
1745501710224 197876.1 115
1745501720281 197436.7 116
1745501730393 205492.2 117
1745501740416 197418.5 118
1745501750575 197505.0 119
1745501760661 205665.6 120
1745501770704 197591.7 121
1745501780746 197651.1 122
1745501790840 197651.1 123
1745501801306 197651.1 124
1745501811339 197651.1 125
1745501821442 205894.2 126
1745501831492 205894.2 127
1745501841518 206049.5 128
1745501852033 197968.2 129
1745501862067 197968.2 130
1745501872093 197968.2 131
1745501882543 197968.2 132
1745501892571 197968.2 133
1745501902630 197968.2 134
1745501912701 197968.2 135
1745501922733 197968.2 136
1745501932777 197968.2 137
1745501943970 197968.2 138
1745501954358 197968.2 139
1745501965029 205505.6 140
1745501975070 205505.6 141
1745501985228 205505.1 142
1745501995284 197544.1 143
1745502005316 197544.1 144
1745502015523 197544.1 145
1745502025540 197137.3 146
1745502035596 197145.5 147
1745502045796 205414.5 148
1745502055831 197350.2 149
1745502065870 197353.2 150
1745502075958 205402.8 151
1745502086014 197338.4 152
1745502096035 197411.0 153
1745502106426 205796.4 154
1745502117244 205796.4 155
1745502127293 205796.4 156
1745502137385 205795.9 157
1745502147431 197728.1 158
1745502157478 197728.1 159
1745502167658 197728.1 160
1745502177709 197728.1 161
1745502187735 197728.1 162
1745502198455 197727.6 163
1745502208486 197727.6 164
1745502218530 197727.6 165
1745502229283 197727.6 166
1745502239343 197727.6 167
1745502249381 197727.6 168
1745502259537 205508.7 169
1745502269605 205508.7 170
1745502279953 205508.2 171
1745502290060 205508.1 172
1745502300108 197428.8 173
1745502310381 197428.8 174
1745502320468 197428.8 175
1745502330536 194464.7 176
1745502340558 194464.7 177
1745502350664 194464.7 178
1745502360706 194464.7 179
1745502370732 194464.7 180
1745502380826 194464.7 181
1745502390900 194464.7 182
1745502400939 194464.7 183
1745502411412 205236.0 184
1745502421513 205406.3 185
1745502431565 205405.8 186
1745502441620 197330.2 187
1745502451691 197330.2 188
1745502461741 197330.2 189
1745502471785 197330.2 190
1745502481858 197330.2 191
1745502491912 197330.2 192
1745502501957 197330.2 193
1745502512080 197330.2 194
1745502522968 197330.2 195
1745502532996 197330.2 196
1745502543414 197089.0 197
1745502554304 197089.0 198
1745502564896 205366.3 199
1745502575002 205366.3 200
1745502585068 205365.8 201
1745502595127 197284.9 202
1745502605213 197284.9 203
1745502615251 197284.9 204
1745502625306 197284.9 205
1745502635383 197284.9 206
1745502645735 197284.9 207
1745502655777 197144.3 208
1745502665890 197144.3 209
1745502675934 197144.3 210
1745502686115 197144.3 211
1745502696487 197144.3 212
1745502706550 197144.3 213
1745502717248 205530.3 214
1745502727600 205530.3 215
1745502737699 205631.5 216
1745502749411 205631.0 217
1745502759455 205631.0 218
1745502769611 194570.7 219
1745502780467 194535.7 220
1745502790563 194536.5 221
1745502800652 194536.5 222
1745502810708 194536.5 223
1745502820787 194536.5 224
1745502830894 194536.5 225
1745502840945 194536.5 226
1745502851856 194536.5 227
1745502861897 194536.5 228
1745502871990 194536.5 229
1745502882057 205312.3 230
1745502892160 205312.3 231
1745502903250 205429.9 232
1745502913287 205429.3 233
1745502923371 197354.7 234
1745502933890 197354.7 235
1745502943929 197354.7 236
1745502953989 197354.7 237
1745502964080 197354.7 238
1745502974132 197354.7 239
1745502984168 197354.7 240
1745502994280 197354.7 241
1745503005060 197354.7 242
1745503015102 194664.1 243
1745503025216 204872.4 244
1745503035243 205085.5 245
1745503045321 205085.5 246
1745503056214 205085.5 247
1745503066248 205085.0 248
1745503076319 194033.2 249
1745503086824 194033.2 250
1745503096892 194033.2 251
1745503106953 194033.2 252
1745503117058 194475.4 253
1745503127131 194475.4 254
1745503137190 194642.1 255
1745503147305 194480.0 256
1745503157553 194480.0 257
1745503168471 194480.0 258
1745503178542 194480.0 259
1745503188649 204721.4 260
1745503198744 204721.4 261
1745503209275 204972.9 262
1745503219386 204972.8 263
1745503229434 196798.6 264
1745503240430 193850.9 265
1745503250513 193850.9 266
1745503260564 193850.9 267
1745503270583 193850.9 268
1745503280676 193850.9 269
1745503290710 193850.9 270
1745503300775 193850.9 271
1745503311952 193850.9 272
1745503322058 193850.9 273
1745503332107 193850.9 274
1745503342213 205132.3 275
1745503352272 205132.3 276
1745503363244 205131.9 277
1745503373288 205131.8 278
1745503383389 196966.1 279
1745503393784 196966.1 280
1745503403849 196966.1 281
1745503413953 196966.1 282
1745503423987 196966.1 283
1745503434029 196966.1 284
1745503444168 204742.7 285
1745503454213 194509.6 286
1745503464571 194379.4 287
1745503475036 204773.5 288
1745503485083 194455.9 289
1745503495127 205017.1 290
1745503505289 205017.1 291
