1745500541246 341467.4 0
1745500551282 349443.8 1
1745500561364 350009.1 2
1745500571397 350009.1 3
1745500581438 349942.5 4
1745500591956 350048.2 5
1745500601998 350048.2 6
1745500612045 350343.0 7
1745500622125 350401.6 8
1745500632168 350401.6 9
1745500642192 350626.9 10
1745500652278 342512.8 11
1745500662362 342512.8 12
1745500672569 341826.2 13
1745500682743 341826.7 14
1745500692902 341866.7 15
1745500702949 349945.5 16
1745500712974 349945.5 17
1745500723130 349945.5 18
1745500733173 349945.5 19
1745500743205 349945.5 20
1745500753345 349945.5 21
1745500763379 349945.5 22
1745500773425 349945.5 23
1745500783587 349945.5 24
1745500793642 349945.5 25
1745500804052 341881.0 26
1745500814164 341881.0 27
1745500825459 341748.1 28
1745500835503 341748.6 29
1745500845577 350253.4 30
1745500855609 350253.9 31
1745500865650 350253.9 32
1745500875732 350253.9 33
1745500885772 350253.9 34
1745500895805 350253.9 35
1745500905892 350253.9 36
1745500915929 350253.9 37
1745500925986 350253.9 38
1745500936067 350253.9 39
1745500946786 350253.9 40
1745500956836 341823.3 41
1745500966928 341347.3 42
1745500976959 349509.2 43
1745500986989 349509.2 44
1745500997159 349509.2 45
1745501007208 349509.2 46
1745501017236 349509.2 47
1745501027368 349509.2 48
1745501037408 350087.4 49
1745501047433 350087.4 50
1745501057552 350087.4 51
1745501067571 350087.4 52
1745501077621 350375.2 53
1745501087715 341988.3 54
1745501097779 341988.3 55
1745501109084 341988.3 56
1745501119121 341988.8 57
1745501129250 350169.0 58
1745501139292 350169.0 59
1745501149323 350169.0 60
1745501159406 350777.7 61
1745501169441 350777.7 62
1745501179475 350777.7 63
1745501189566 350777.7 64
1745501199598 350777.7 65
1745501209634 350777.7 66
1745501219713 350777.7 67
1745501229759 350777.7 68
1745501240341 342017.3 69
1745501251931 341870.9 70
1745501261959 341871.4 71
1745501272014 349933.4 72
1745501282087 350625.5 73
1745501292153 350625.5 74
1745501302192 350625.5 75
1745501312273 350625.5 76
1745501322319 342442.1 77
1745501332371 350616.4 78
1745501342450 350616.4 79
1745501352497 350616.4 80
1745501362564 350616.4 81
1745501372648 342457.3 82
1745501384197 342457.3 83
1745501395815 342227.2 84
1745501405846 342227.7 85
1745501415982 350305.3 86
1745501426018 350305.3 87
1745501436055 350305.3 88
1745501446223 350305.3 89
1745501456261 350305.3 90
1745501467085 350305.3 91
1745501477178 350534.3 92
1745501487208 350534.3 93
1745501497256 350550.6 94
1745501507368 350546.7 95
1745501517397 350546.7 96
1745501527427 342245.1 97
1745501537567 342245.1 98
1745501547619 342245.7 99
1745501558351 350317.0 100
1745501568445 350317.0 101
1745501578478 350317.0 102
1745501588822 350317.0 103
1745501598922 350317.0 104
1745501608942 350988.8 105
1745501618972 350988.8 106
1745501629062 350988.8 107
1745501639102 350988.8 108
1745501649138 350988.8 109
1745501659229 350988.8 110
1745501669277 350988.8 111
1745501679417 342402.9 112
1745501690083 342402.9 113
1745501700184 342403.5 114
1745501710224 350483.0 115
1745501720281 350922.4 116
1745501730393 342866.9 117
1745501740416 350940.6 118
1745501750575 350854.1 119
1745501760661 342693.6 120
1745501770704 350767.4 121
1745501780746 350708.0 122
1745501790840 350708.0 123
1745501801306 350708.0 124
1745501811339 350708.0 125
1745501821442 342464.9 126
1745501831492 342464.9 127
1745501841518 342309.6 128
1745501852033 350390.9 129
1745501862067 350390.9 130
1745501872093 350390.9 131
1745501882543 350390.9 132
1745501892571 350390.9 133
1745501902630 350390.9 134
1745501912701 350390.9 135
1745501922733 350390.9 136
1745501932777 350390.9 137
1745501943970 350390.9 138
1745501954358 350390.9 139
1745501965029 342853.5 140
1745501975070 342853.5 141
1745501985228 342854.0 142
1745501995284 350815.1 143
1745502005316 350815.1 144
1745502015523 350815.1 145
1745502025540 351221.8 146
1745502035596 351213.6 147
1745502045796 342944.6 148
1745502055831 351008.9 149
1745502065870 351005.9 150
1745502075958 342956.4 151
1745502086014 351020.7 152
1745502096035 350948.1 153
1745502106426 342562.7 154
1745502117244 342562.7 155
1745502127293 342562.7 156
1745502137385 342563.2 157
1745502147431 350631.0 158
1745502157478 350631.0 159
1745502167658 350631.0 160
1745502177709 350631.0 161
1745502187735 350631.0 162
1745502198455 350631.6 163
1745502208486 350631.6 164
1745502218530 350631.6 165
1745502229283 350631.6 166
1745502239343 350631.6 167
1745502249381 350631.6 168
1745502259537 342850.4 169
1745502269605 342850.4 170
1745502279953 342850.9 171
1745502290060 342851.0 172
1745502300108 350930.4 173
1745502310381 350930.4 174
1745502320468 350930.4 175
1745502330536 353894.4 176
1745502340558 353894.4 177
1745502350664 353894.4 178
1745502360706 353894.4 179
1745502370732 353894.4 180
1745502380826 353894.4 181
1745502390900 353894.4 182
1745502400939 353894.4 183
1745502411412 343123.1 184
1745502421513 342952.8 185
1745502431565 342953.3 186
1745502441620 351028.9 187
1745502451691 351028.9 188
1745502461741 351028.9 189
1745502471785 351028.9 190
1745502481858 351028.9 191
1745502491912 351028.9 192
1745502501957 351028.9 193
1745502512080 351028.9 194
1745502522968 351028.9 195
1745502532996 351028.9 196
1745502543414 351270.1 197
1745502554304 351270.1 198
1745502564896 342992.8 199
1745502575002 342992.8 200
1745502585068 342993.3 201
1745502595127 351074.2 202
1745502605213 351074.2 203
1745502615251 351074.2 204
1745502625306 351074.2 205
1745502635383 351074.2 206
1745502645735 351074.2 207
1745502655777 351214.8 208
1745502665890 351214.8 209
1745502675934 351214.8 210
1745502686115 351214.8 211
1745502696487 351214.8 212
1745502706550 351214.8 213
1745502717248 342828.8 214
1745502727600 342828.8 215
1745502737699 342727.6 216
1745502749411 342728.1 217
1745502759455 342728.1 218
1745502769611 353788.4 219
1745502780467 353823.4 220
1745502790563 353822.6 221
1745502800652 353822.6 222
1745502810708 353822.6 223
1745502820787 353822.6 224
1745502830894 353822.6 225
1745502840945 353822.6 226
1745502851856 353822.6 227
1745502861897 353822.6 228
1745502871990 353822.6 229
1745502882057 343046.8 230
1745502892160 343046.8 231
1745502903250 342929.3 232
1745502913287 342929.8 233
1745502923371 351004.4 234
1745502933890 351004.4 235
1745502943929 351004.4 236
1745502953989 351004.4 237
1745502964080 351004.4 238
1745502974132 351004.4 239
1745502984168 351004.4 240
1745502994280 351004.4 241
1745503005060 351004.4 242
1745503015102 353695.0 243
1745503025216 343486.7 244
1745503035243 343273.6 245
1745503045321 343273.6 246
1745503056214 343273.6 247
1745503066248 343274.1 248
1745503076319 354325.9 249
1745503086824 354325.9 250
1745503096892 354325.9 251
1745503106953 354325.9 252
1745503117058 353883.7 253
1745503127131 353883.7 254
1745503137190 353717.0 255
1745503147305 353879.1 256
1745503157553 353879.1 257
1745503168471 353879.1 258
1745503178542 353879.1 259
1745503188649 343637.7 260
1745503198744 343637.7 261
1745503209275 343386.2 262
1745503219386 343386.3 263
1745503229434 351560.5 264
1745503240430 354508.2 265
1745503250513 354508.2 266
1745503260564 354508.2 267
1745503270583 354508.2 268
1745503280676 354508.2 269
1745503290710 354508.2 270
1745503300775 354508.2 271
1745503311952 354508.2 272
1745503322058 354508.2 273
1745503332107 354508.2 274
1745503342213 343226.8 275
1745503352272 343226.8 276
1745503363244 343227.2 277
1745503373288 343227.3 278
1745503383389 351393.0 279
1745503393784 351393.0 280
1745503403849 351393.0 281
1745503413953 351393.0 282
1745503423987 351393.0 283
1745503434029 351393.0 284
1745503444168 343616.4 285
1745503454213 353849.5 286
1745503464571 353979.7 287
1745503475036 343585.6 288
1745503485083 353903.2 289
1745503495127 343342.0 290
1745503505289 343342.0 291
