1745500541246 62.3 0
1745500551282 63.7 1
1745500561364 63.8 2
1745500571397 63.8 3
1745500581438 63.8 4
1745500591956 63.8 5
1745500601998 63.8 6
1745500612045 63.9 7
1745500622125 63.9 8
1745500632168 63.9 9
1745500642192 63.9 10
1745500652278 62.5 11
1745500662362 62.5 12
1745500672569 62.3 13
1745500682743 62.3 14
1745500692902 62.3 15
1745500702949 63.8 16
1745500712974 63.8 17
1745500723130 63.8 18
1745500733173 63.8 19
1745500743205 63.8 20
1745500753345 63.8 21
1745500763379 63.8 22
1745500773425 63.8 23
1745500783587 63.8 24
1745500793642 63.8 25
1745500804052 62.3 26
1745500814164 62.3 27
1745500825459 62.3 28
1745500835503 62.3 29
1745500845577 63.9 30
1745500855609 63.9 31
1745500865650 63.9 32
1745500875732 63.9 33
1745500885772 63.9 34
1745500895805 63.9 35
1745500905892 63.9 36
1745500915929 63.9 37
1745500925986 63.9 38
1745500936067 63.9 39
1745500946786 63.9 40
1745500956836 62.3 41
1745500966928 62.2 42
1745500976959 63.7 43
1745500986989 63.7 44
1745500997159 63.7 45
1745501007208 63.7 46
1745501017236 63.7 47
1745501027368 63.7 48
1745501037408 63.8 49
1745501047433 63.8 50
1745501057552 63.8 51
1745501067571 63.8 52
1745501077621 63.9 53
1745501087715 62.4 54
1745501097779 62.4 55
1745501109084 62.4 56
1745501119121 62.4 57
1745501129250 63.9 58
1745501139292 63.9 59
1745501149323 63.9 60
1745501159406 64.0 61
1745501169441 64.0 62
1745501179475 64.0 63
1745501189566 64.0 64
1745501199598 64.0 65
1745501209634 64.0 66
1745501219713 64.0 67
1745501229759 64.0 68
1745501240341 62.4 69
1745501251931 62.3 70
1745501261959 62.3 71
1745501272014 63.8 72
1745501282087 63.9 73
1745501292153 63.9 74
1745501302192 63.9 75
1745501312273 63.9 76
1745501322319 62.4 77
1745501332371 63.9 78
1745501342450 63.9 79
1745501352497 63.9 80
1745501362564 63.9 81
1745501372648 62.5 82
1745501384197 62.5 83
1745501395815 62.4 84
1745501405846 62.4 85
1745501415982 63.9 86
1745501426018 63.9 87
1745501436055 63.9 88
1745501446223 63.9 89
1745501456261 63.9 90
1745501467085 63.9 91
1745501477178 63.9 92
1745501487208 63.9 93
1745501497256 63.9 94
1745501507368 63.9 95
1745501517397 63.9 96
1745501527427 62.4 97
1745501537567 62.4 98
1745501547619 62.4 99
1745501558351 63.9 100
1745501568445 63.9 101
1745501578478 63.9 102
1745501588822 63.9 103
1745501598922 63.9 104
1745501608942 64.0 105
1745501618972 64.0 106
1745501629062 64.0 107
1745501639102 64.0 108
1745501649138 64.0 109
1745501659229 64.0 110
1745501669277 64.0 111
1745501679417 62.4 112
1745501690083 62.4 113
1745501700184 62.4 114
1745501710224 63.9 115
1745501720281 64.0 116
1745501730393 62.5 117
1745501740416 64.0 118
1745501750575 64.0 119
1745501760661 62.5 120
1745501770704 64.0 121
1745501780746 64.0 122
1745501790840 64.0 123
1745501801306 64.0 124
1745501811339 64.0 125
1745501821442 62.5 126
1745501831492 62.5 127
1745501841518 62.4 128
1745501852033 63.9 129
1745501862067 63.9 130
1745501872093 63.9 131
1745501882543 63.9 132
1745501892571 63.9 133
1745501902630 63.9 134
1745501912701 63.9 135
1745501922733 63.9 136
1745501932777 63.9 137
1745501943970 63.9 138
1745501954358 63.9 139
1745501965029 62.5 140
1745501975070 62.5 141
1745501985228 62.5 142
1745501995284 64.0 143
1745502005316 64.0 144
1745502015523 64.0 145
1745502025540 64.0 146
1745502035596 64.0 147
1745502045796 62.5 148
1745502055831 64.0 149
1745502065870 64.0 150
1745502075958 62.5 151
1745502086014 64.0 152
1745502096035 64.0 153
1745502106426 62.5 154
1745502117244 62.5 155
1745502127293 62.5 156
1745502137385 62.5 157
1745502147431 63.9 158
1745502157478 63.9 159
1745502167658 63.9 160
1745502177709 63.9 161
1745502187735 63.9 162
1745502198455 63.9 163
1745502208486 63.9 164
1745502218530 63.9 165
1745502229283 63.9 166
1745502239343 63.9 167
1745502249381 63.9 168
1745502259537 62.5 169
1745502269605 62.5 170
1745502279953 62.5 171
1745502290060 62.5 172
1745502300108 64.0 173
1745502310381 64.0 174
1745502320468 64.0 175
1745502330536 64.5 176
1745502340558 64.5 177
1745502350664 64.5 178
1745502360706 64.5 179
1745502370732 64.5 180
1745502380826 64.5 181
1745502390900 64.5 182
1745502400939 64.5 183
1745502411412 62.6 184
1745502421513 62.5 185
1745502431565 62.5 186
1745502441620 64.0 187
1745502451691 64.0 188
1745502461741 64.0 189
1745502471785 64.0 190
1745502481858 64.0 191
1745502491912 64.0 192
1745502501957 64.0 193
1745502512080 64.0 194
1745502522968 64.0 195
1745502532996 64.0 196
1745502543414 64.1 197
1745502554304 64.1 198
1745502564896 62.5 199
1745502575002 62.5 200
1745502585068 62.5 201
1745502595127 64.0 202
1745502605213 64.0 203
1745502615251 64.0 204
1745502625306 64.0 205
1745502635383 64.0 206
1745502645735 64.0 207
1745502655777 64.0 208
1745502665890 64.0 209
1745502675934 64.0 210
1745502686115 64.0 211
1745502696487 64.0 212
1745502706550 64.0 213
1745502717248 62.5 214
1745502727600 62.5 215
1745502737699 62.5 216
1745502749411 62.5 217
1745502759455 62.5 218
1745502769611 64.5 219
1745502780467 64.5 220
1745502790563 64.5 221
1745502800652 64.5 222
1745502810708 64.5 223
1745502820787 64.5 224
1745502830894 64.5 225
1745502840945 64.5 226
1745502851856 64.5 227
1745502861897 64.5 228
1745502871990 64.5 229
1745502882057 62.6 230
1745502892160 62.6 231
1745502903250 62.5 232
1745502913287 62.5 233
1745502923371 64.0 234
1745502933890 64.0 235
1745502943929 64.0 236
1745502953989 64.0 237
1745502964080 64.0 238
1745502974132 64.0 239
1745502984168 64.0 240
1745502994280 64.0 241
1745503005060 64.0 242
1745503015102 64.5 243
1745503025216 62.6 244
1745503035243 62.6 245
1745503045321 62.6 246
1745503056214 62.6 247
1745503066248 62.6 248
1745503076319 64.6 249
1745503086824 64.6 250
1745503096892 64.6 251
1745503106953 64.6 252
1745503117058 64.5 253
1745503127131 64.5 254
1745503137190 64.5 255
1745503147305 64.5 256
1745503157553 64.5 257
1745503168471 64.5 258
1745503178542 64.5 259
1745503188649 62.7 260
1745503198744 62.7 261
1745503209275 62.6 262
1745503219386 62.6 263
1745503229434 64.1 264
1745503240430 64.6 265
1745503250513 64.6 266
1745503260564 64.6 267
1745503270583 64.6 268
1745503280676 64.6 269
1745503290710 64.6 270
1745503300775 64.6 271
1745503311952 64.6 272
1745503322058 64.6 273
1745503332107 64.6 274
1745503342213 62.6 275
1745503352272 62.6 276
1745503363244 62.6 277
1745503373288 62.6 278
1745503383389 64.1 279
1745503393784 64.1 280
1745503403849 64.1 281
1745503413953 64.1 282
1745503423987 64.1 283
1745503434029 64.1 284
1745503444168 62.7 285
1745503454213 64.5 286
1745503464571 64.6 287
1745503475036 62.7 288
1745503485083 64.5 289
1745503495127 62.6 290
1745503505289 62.6 291
