1745500541246 0.0 0
1745500551282 0.0014610000000061518 1
1745500561364 0.008815000000005568 2
1745500571397 0.011163000000003365 3
1745500581438 0.020970000000005484 4
1745500591956 0.039397000000001015 5
1745500601998 0.04445100000000224 6
1745500612045 0.05335900000000038 7
1745500622125 0.05805100000000607 8
1745500632168 0.06490100000000609 9
1745500642192 0.07352000000000203 10
1745500652278 0.08240600000000597 11
1745500662362 0.0841310000000064 12
1745500672569 0.08559000000000339 13
1745500682743 0.08707600000000326 14
1745500692902 0.10235899999999987 15
1745500702949 0.10413400000000195 16
1745500712974 0.10537400000000474 17
1745500723130 0.1161650000000023 18
1745500733173 0.11803300000000405 19
1745500743205 0.11946999999999974 20
1745500753345 0.13462900000000388 21
1745500763379 0.2285710000000023 22
1745500773425 0.23214899999999972 23
1745500783587 0.23291000000000395 24
1745500793642 0.2482430000000022 25
1745500804052 0.24922600000000017 26
1745500814164 0.2500270000000029 27
1745500825459 0.2644850000000005 28
1745500835503 0.26817600000000397 29
1745500845577 0.27175900000000297 30
1745500855609 0.27264399999999966 31
1745500865650 0.28034099999999995 32
1745500875732 0.2862090000000066 33
1745500885772 0.3162990000000008 34
1745500895805 0.318283000000001 35
1745500905892 0.5588680000000039 36
1745500915929 0.5600620000000021 37
1745500925986 0.5652330000000063 38
1745500936067 0.5668640000000025 39
1745500946786 0.5696880000000064 40
1745500956836 0.5715990000000062 41
1745500966928 0.578792 42
1745500976959 0.5797760000000025 43
1745500986989 0.5997800000000026 44
1745500997159 0.6070990000000052 45
1745501007208 0.6374080000000006 46
1745501017236 0.6389080000000007 47
1745501027368 0.6564189999999996 48
1745501037408 0.6686690000000013 49
1745501047433 0.6792130000000043 50
1745501057552 0.687459000000004 51
1745501067571 0.8239560000000026 52
1745501077621 0.832804000000003 53
1745501087715 0.8526570000000007 54
1745501097779 0.854173000000003 55
1745501109084 0.8696610000000007 56
1745501119121 0.9069900000000004 57
1745501129250 0.9190579999999997 58
1745501139292 0.9204640000000026 59
1745501149323 0.9226310000000026 60
1745501159406 0.9232290000000063 61
1745501169441 0.9338990000000038 62
1745501179475 0.9580960000000047 63
1745501189566 0.961112 64
1745501199598 0.9620610000000056 65
1745501209634 0.9764540000000039 66
1745501219713 0.9773660000000035 67
1745501229759 0.9851330000000047 68
1745501240341 1.029990000000005 69
1745501251931 1.0328429999999997 70
1745501261959 1.0425440000000066 71
1745501272014 1.0446000000000026 72
1745501282087 1.0662630000000064 73
1745501292153 1.0742440000000002 74
1745501302192 1.0779720000000026 75
1745501312273 1.079262 76
1745501322319 1.0799070000000057 77
1745501332371 1.0952740000000034 78
1745501342450 1.0962260000000015 79
1745501352497 1.108140000000006 80
1745501362564 1.1219099999999997 81
1745501372648 1.1381520000000052 82
1745501384197 1.1481210000000033 83
1745501395815 1.1494860000000031 84
1745501405846 1.1553590000000042 85
1745501415982 1.1789870000000064 86
1745501426018 1.233581000000001 87
1745501436055 1.237911000000004 88
1745501446223 1.2393240000000034 89
1745501456261 1.2717460000000003 90
1745501467085 1.2800010000000057 91
1745501477178 1.3081090000000017 92
1745501487208 1.3210140000000052 93
1745501497256 1.3220860000000059 94
1745501507368 1.3230360000000019 95
1745501517397 1.3267550000000057 96
1745501527427 1.3339740000000049 97
1745501537567 1.348000000000006 98
1745501547619 1.3517360000000025 99
1745501558351 1.3560790000000011 100
1745501568445 1.3672220000000053 101
1745501578478 1.3821350000000052 102
1745501588822 1.3831249999999997 103
1745501598922 1.4160370000000029 104
1745501608942 1.4170100000000048 105
1745501618972 1.4210530000000006 106
1745501629062 1.4288410000000056 107
1745501639102 1.4317710000000048 108
1745501649138 1.440851000000002 109
1745501659229 1.4421190000000053 110
1745501669277 1.4756420000000006 111
1745501679417 1.4918690000000012 112
1745501690083 1.5756259999999997 113
1745501700184 1.5768160000000009 114
1745501710224 1.5778610000000057 115
1745501720281 1.6981660000000005 116
1745501730393 1.7011300000000062 117
1745501740416 1.7086340000000035 118
1745501750575 1.7133660000000006 119
1745501760661 1.7202450000000056 120
1745501770704 1.7345180000000013 121
1745501780746 1.736729000000004 122
1745501790840 1.7377030000000033 123
1745501801306 1.7453290000000052 124
1745501811339 1.7643750000000011 125
1745501821442 1.7726960000000034 126
1745501831492 1.7737420000000057 127
1745501841518 1.7936260000000033 128
1745501852033 1.795574000000002 129
1745501862067 1.8016410000000036 130
1745501872093 1.8067220000000006 131
1745501882543 1.8116550000000018 132
1745501892571 1.8134640000000033 133
1745501902630 1.8333720000000042 134
1745501912701 1.8413180000000011 135
1745501922733 1.8421490000000063 136
1745501932777 1.8460850000000022 137
1745501943970 1.848240000000004 138
1745501954358 1.8496319999999997 139
1745501965029 1.8725800000000064 140
1745501975070 1.8763940000000048 141
1745501985228 1.8857500000000016 142
1745501995284 1.9719630000000024 143
1745502005316 1.9920240000000007 144
1745502015523 2.001685000000002 145
1745502025540 2.011406000000001 146
1745502035596 2.0140710000000013 147
1745502045796 2.0201940000000036 148
1745502055831 2.0222090000000037 149
1745502065870 2.036200000000001 150
1745502075958 2.051837000000006 151
1745502086014 2.060038000000006 152
1745502096035 2.060940000000002 153
1745502106426 2.062777000000004 154
1745502117244 2.0635930000000045 155
1745502127293 2.0678260000000037 156
1745502137385 2.0689780000000013 157
1745502147431 2.0764860000000027 158
1745502157478 2.0774370000000033 159
1745502167658 2.0823930000000033 160
1745502177709 2.0831250000000026 161
1745502187735 2.0841720000000024 162
1745502198455 2.0959570000000056 163
1745502208486 2.107372000000005 164
1745502218530 2.109106000000004 165
1745502229283 2.1106590000000054 166
1745502239343 2.114239000000005 167
1745502249381 2.127110000000002 168
1745502259537 2.135729000000005 169
1745502269605 2.143252000000004 170
1745502279953 2.1455700000000064 171
1745502290060 2.1465730000000036 172
1745502300108 2.2387780000000035 173
1745502310381 2.2451360000000022 174
1745502320468 2.2513910000000052 175
1745502330536 2.2822150000000008 176
1745502340558 2.2833050000000057 177
1745502350664 2.5727469999999997 178
1745502360706 3.3382660000000044 179
1745502370732 3.4016990000000007 180
1745502380826 3.422296000000003 181
1745502390900 3.4310310000000044 182
1745502400939 3.431982000000005 183
1745502411412 3.4362330000000014 184
1745502421513 3.448666000000003 185
1745502431565 3.4533270000000016 186
1745502441620 3.4649590000000003 187
1745502451691 3.4660420000000016 188
1745502461741 3.466758000000006 189
1745502471785 3.467640000000003 190
1745502481858 3.4689200000000042 191
1745502491912 3.4709450000000004 192
1745502501957 3.491767000000003 193
1745502512080 3.4930200000000013 194
1745502522968 3.5140400000000014 195
1745502532996 3.517593000000005 196
1745502543414 3.538687000000003 197
1745502554304 3.544166000000004 198
1745502564896 3.564922000000003 199
1745502575002 3.5676190000000005 200
1745502585068 3.569455000000005 201
1745502595127 4.405374000000002 202
1745502605213 4.421702000000003 203
1745502615251 4.52928 204
1745502625306 4.534773000000001 205
1745502635383 4.553505000000001 206
1745502645735 4.556560000000005 207
1745502655777 4.560237000000001 208
1745502665890 4.567627000000002 209
1745502675934 4.56944 210
1745502686115 4.580591000000005 211
1745502696487 4.582479000000006 212
1745502706550 4.583618000000001 213
1745502717248 4.585411000000001 214
1745502727600 4.597499000000006 215
1745502737699 4.599758000000001 216
1745502749411 4.607009000000005 217
1745502759455 4.608394000000004 218
1745502769611 4.6153110000000055 219
1745502780467 4.616063000000004 220
1745502790563 4.617272 221
1745502800652 4.636949000000001 222
1745502810708 4.6464110000000005 223
1745502820787 4.647274000000003 224
1745502830894 4.660632 225
1745502840945 4.666515000000004 226
1745502851856 4.6740370000000055 227
1745502861897 4.693258 228
1745502871990 4.698712 229
1745502882057 4.703383000000002 230
1745502892160 4.704506000000002 231
1745502903250 4.7063070000000025 232
1745502913287 4.713933000000004 233
1745502923371 4.837348000000006 234
1745502933890 4.839712000000006 235
1745502943929 4.840469000000006 236
1745502953989 4.841651000000006 237
1745502964080 4.862599000000003 238
1745502974132 4.877588000000003 239
1745502984168 4.8876320000000035 240
1745502994280 4.914649000000004 241
1745503005060 4.927671000000004 242
1745503015102 4.947223000000001 243
1745503025216 4.948326000000002 244
1745503035243 4.950480000000006 245
1745503045321 4.958297000000002 246
1745503056214 4.959433000000004 247
1745503066248 4.968716000000001 248
1745503076319 4.969653000000001 249
1745503086824 4.970803000000004 250
1745503096892 4.971963000000002 251
1745503106953 4.982980000000005 252
1745503117058 4.991822000000006 253
1745503127131 4.993623000000007 254
1745503137190 4.994658000000001 255
1745503147305 4.995606000000002 256
1745503157553 5.003235000000004 257
1745503168471 5.020040000000002 258
1745503178542 5.022761000000003 259
1745503188649 5.030511000000004 260
1745503198744 5.032635000000006 261
1745503209275 5.041925000000006 262
1745503219386 5.059178000000003 263
1745503229434 5.162023000000005 264
1745503240430 5.168772000000004 265
1745503250513 5.1710080000000005 266
1745503260564 5.178165 267
1745503270583 5.179156000000006 268
1745503280676 5.193359000000001 269
1745503290710 5.201256000000001 270
1745503300775 5.202424000000001 271
1745503311952 5.214639000000005 272
1745503322058 5.220333000000004 273
1745503332107 5.224685000000001 274
1745503342213 5.226899000000003 275
1745503352272 5.228998000000004 276
1745503363244 5.229851000000004 277
1745503373288 5.230920000000005 278
1745503383389 5.2328410000000005 279
1745503393784 5.241764000000003 280
1745503403849 5.255750000000006 281
1745503413953 5.272633000000006 282
1745503423987 5.284455000000001 283
1745503434029 5.287326 284
1745503444168 5.288614000000003 285
1745503454213 5.296728000000002 286
1745503464571 5.304124000000002 287
1745503475036 5.305152 288
1745503485083 5.321600000000004 289
1745503495127 5.323469000000003 290
1745503505289 5.324604000000001 291
