1745500541246 0.0 0
1745500551282 0.0014579999999995152 1
1745500561364 0.004665000000000141 2
1745500571397 0.006654999999999411 3
1745500581438 0.03094600000000014 4
1745500591956 0.04343399999999953 5
1745500601998 0.045372999999999664 6
1745500612045 0.056060999999999694 7
1745500622125 0.0599539999999994 8
1745500632168 0.06689599999999984 9
1745500642192 0.07632700000000003 10
1745500652278 0.07985099999999967 11
1745500662362 0.08158399999999943 12
1745500672569 0.08359700000000014 13
1745500682743 0.08572299999999977 14
1745500692902 0.09119999999999973 15
1745500702949 0.10719399999999979 16
1745500712974 0.10983999999999927 17
1745500723130 0.11148799999999959 18
1745500733173 0.11334899999999948 19
1745500743205 0.11529899999999937 20
1745500753345 0.1219519999999994 21
1745500763379 0.1434919999999993 22
1745500773425 0.14646999999999988 23
1745500783587 0.1481179999999993 24
1745500793642 0.15000899999999984 25
1745500804052 0.15137499999999982 26
1745500814164 0.15306199999999937 27
1745500825459 0.18507699999999971 28
1745500835503 0.1912029999999998 29
1745500845577 0.19475799999999932 30
1745500855609 0.19656399999999952 31
1745500865650 0.20031899999999947 32
1745500875732 0.20681999999999956 33
1745500885772 0.22269700000000014 34
1745500895805 0.2289089999999998 35
1745500905892 0.24700100000000003 36
1745500915929 0.2490439999999996 37
1745500925986 0.25100999999999996 38
1745500936067 0.2526969999999995 39
1745500946786 0.2699159999999994 40
1745500956836 0.27257399999999965 41
1745500966928 0.28773599999999977 42
1745500976959 0.28955399999999987 43
1745500986989 0.2961139999999993 44
1745500997159 0.30271500000000007 45
1745501007208 0.33735599999999977 46
1745501017236 0.34101099999999995 47
1745501027368 0.35279599999999967 48
1745501037408 0.372598 49
1745501047433 0.38188900000000015 50
1745501057552 0.39229299999999956 51
1745501067571 0.450126 52
1745501077621 0.4684879999999998 53
1745501087715 0.47045399999999926 54
1745501097779 0.4719850000000001 55
1745501109084 0.4838420000000001 56
1745501119121 0.5121579999999994 57
1745501129250 0.527755 58
1745501139292 0.5310519999999999 59
1745501149323 0.5330879999999993 60
1745501159406 0.5346189999999993 61
1745501169441 0.5382639999999999 62
1745501179475 0.5476149999999995 63
1745501189566 0.571116 64
1745501199598 0.5737139999999998 65
1745501209634 0.5904029999999993 66
1745501219713 0.5921199999999995 67
1745501229759 0.6005639999999994 68
1745501240341 0.6282689999999995 69
1745501251931 0.6300189999999999 70
1745501261959 0.6349929999999997 71
1745501272014 0.6369579999999999 72
1745501282087 0.6469749999999994 73
1745501292153 0.6590829999999999 74
1745501302192 0.6611849999999997 75
1745501312273 0.6768079999999994 76
1745501322319 0.6786750000000001 77
1745501332371 0.6946569999999994 78
1745501342450 0.6964769999999998 79
1745501352497 0.7063959999999998 80
1745501362564 0.7226949999999999 81
1745501372648 0.7263310000000001 82
1745501384197 0.7387309999999996 83
1745501395815 0.7409379999999999 84
1745501405846 0.743017 85
1745501415982 0.7617560000000001 86
1745501426018 0.8137499999999989 87
1745501436055 0.8303599999999989 88
1745501446223 0.8329570000000004 89
1745501456261 0.8469239999999996 90
1745501467085 0.8506330000000002 91
1745501477178 0.8647179999999999 92
1745501487208 0.8846609999999995 93
1745501497256 0.8865560000000006 94
1745501507368 0.8891720000000003 95
1745501517397 0.8929530000000003 96
1745501527427 0.9036939999999998 97
1745501537567 0.9267299999999992 98
1745501547619 0.9435260000000003 99
1745501558351 0.9489959999999993 100
1745501568445 0.9519280000000006 101
1745501578478 0.9605759999999997 102
1745501588822 0.9624360000000003 103
1745501598922 0.9830509999999997 104
1745501608942 0.984850999999999 105
1745501618972 0.9863119999999999 106
1745501629062 0.9888719999999989 107
1745501639102 0.9924920000000004 108
1745501649138 1.0027410000000003 109
1745501659229 1.0049130000000002 110
1745501669277 1.0287629999999996 111
1745501679417 1.0412970000000001 112
1745501690083 1.0542350000000003 113
1745501700184 1.056172 114
1745501710224 1.058266999999999 115
1745501720281 1.0783380000000005 116
1745501730393 1.079922999999999 117
1745501740416 1.093309999999999 118
1745501750575 1.0978329999999996 119
1745501760661 1.1013129999999993 120
1745501770704 1.103339 121
1745501780746 1.1055399999999995 122
1745501790840 1.120234 123
1745501801306 1.1271719999999998 124
1745501811339 1.1425409999999996 125
1745501821442 1.150409999999999 126
1745501831492 1.1523629999999994 127
1745501841518 1.1785820000000005 128
1745501852033 1.1798970000000004 129
1745501862067 1.181737 130
1745501872093 1.184365999999999 131
1745501882543 1.1862460000000006 132
1745501892571 1.1881190000000004 133
1745501902630 1.2119350000000004 134
1745501912701 1.2362059999999992 135
1745501922733 1.2374639999999992 136
1745501932777 1.240212999999999 137
1745501943970 1.242241 138
1745501954358 1.2442019999999996 139
1745501965029 1.255120999999999 140
1745501975070 1.2589609999999993 141
1745501985228 1.2615020000000001 142
1745501995284 1.2723859999999991 143
1745502005316 1.2744619999999998 144
1745502015523 1.276280999999999 145
1745502025540 1.2785130000000002 146
1745502035596 1.2940889999999996 147
1745502045796 1.2967639999999996 148
1745502055831 1.2986760000000004 149
1745502065870 1.3120949999999993 150
1745502075958 1.3192629999999994 151
1745502086014 1.324472 152
1745502096035 1.3262619999999998 153
1745502106426 1.328778999999999 154
1745502117244 1.330513999999999 155
1745502127293 1.3321319999999996 156
1745502137385 1.3342100000000006 157
1745502147431 1.3364139999999995 158
1745502157478 1.351901999999999 159
1745502167658 1.3545920000000002 160
1745502177709 1.3562949999999994 161
1745502187735 1.3577820000000003 162
1745502198455 1.371459999999999 163
1745502208486 1.3805130000000005 164
1745502218530 1.3822480000000006 165
1745502229283 1.3850289999999994 166
1745502239343 1.3883290000000006 167
1745502249381 1.401114999999999 168
1745502259537 1.414987 169
1745502269605 1.4249270000000003 170
1745502279953 1.4445700000000006 171
1745502290060 1.4472059999999995 172
1745502300108 1.4590479999999992 173
1745502310381 1.4650940000000006 174
1745502320468 1.4723629999999996 175
1745502330536 1.5163159999999998 176
1745502340558 1.5182249999999993 177
1745502350664 1.5374009999999991 178
1745502360706 1.6049039999999994 179
1745502370732 1.6667039999999993 180
1745502380826 1.6847639999999995 181
1745502390900 1.6870809999999992 182
1745502400939 1.7025690000000004 183
1745502411412 1.7053449999999994 184
1745502421513 1.719443 185
1745502431565 1.726324 186
1745502441620 1.951998999999999 187
1745502451691 1.9539449999999992 188
1745502461741 1.9555509999999998 189
1745502471785 1.9581119999999999 190
1745502481858 1.9595029999999998 191
1745502491912 1.961634 192
1745502501957 1.9859650000000002 193
1745502512080 1.9906509999999997 194
1745502522968 2.2268399999999993 195
1745502532996 2.2306740000000005 196
1745502543414 2.23729 197
1745502554304 2.2384439999999994 198
1745502564896 2.260280999999999 199
1745502575002 2.262117 200
1745502585068 2.2638789999999993 201
1745502595127 2.3135049999999993 202
1745502605213 2.3213039999999996 203
1745502615251 2.333069 204
1745502625306 2.3348440000000004 205
1745502635383 2.3524700000000003 206
1745502645735 2.354248 207
1745502655777 2.372380999999999 208
1745502665890 2.375971 209
1745502675934 2.3769980000000004 210
1745502686115 2.3833260000000003 211
1745502696487 2.385066 212
1745502706550 2.3870319999999996 213
1745502717248 2.3895339999999994 214
1745502727600 2.3916679999999992 215
1745502737699 2.3936220000000006 216
1745502749411 2.401045999999999 217
1745502759455 2.4038299999999992 218
1745502769611 2.418436999999999 219
1745502780467 2.4345730000000003 220
1745502790563 2.4365629999999996 221
1745502800652 2.456840999999999 222
1745502810708 2.470967999999999 223
1745502820787 2.4728449999999995 224
1745502830894 2.474345999999999 225
1745502840945 2.4784559999999995 226
1745502851856 2.487344 227
1745502861897 2.516895 228
1745502871990 2.519200999999999 229
1745502882057 2.5266850000000005 230
1745502892160 2.5282789999999995 231
1745502903250 2.5445080000000004 232
1745502913287 2.5464889999999993 233
1745502923371 2.5846769999999992 234
1745502933890 2.5865720000000003 235
1745502943929 2.5882609999999993 236
1745502953989 2.5902270000000005 237
1745502964080 2.609166 238
1745502974132 2.61871 239
1745502984168 2.6207960000000003 240
1745502994280 2.6373300000000004 241
1745503005060 2.639002999999999 242
1745503015102 2.6633259999999996 243
1745503025216 2.6660140000000006 244
1745503035243 2.667954999999999 245
1745503045321 2.6763019999999997 246
1745503056214 2.678322999999999 247
1745503066248 2.6822029999999994 248
1745503076319 2.684013 249
1745503086824 2.686769 250
1745503096892 2.688789999999999 251
1745503106953 2.698461 252
1745503117058 2.699852 253
1745503127131 2.701658 254
1745503137190 2.7172590000000003 255
1745503147305 2.7198589999999996 256
1745503157553 2.7263859999999998 257
1745503168471 2.738750999999999 258
1745503178542 2.7412150000000004 259
1745503188649 2.745887999999999 260
1745503198744 2.7477970000000003 261
1745503209275 2.7506880000000002 262
1745503219386 2.7690859999999997 263
1745503229434 2.7929399999999998 264
1745503240430 2.801005999999999 265
1745503250513 2.802913 266
1745503260564 2.819678999999999 267
1745503270583 2.822336999999999 268
1745503280676 2.841123999999999 269
1745503290710 2.851747999999999 270
1745503300775 2.8537219999999994 271
1745503311952 2.855542 272
1745503322058 2.8576929999999994 273
1745503332107 2.8615460000000006 274
1745503342213 2.863707 275
1745503352272 2.865513 276
1745503363244 2.867203999999999 277
1745503373288 2.8691960000000005 278
1745503383389 2.884729 279
1745503393784 2.8874130000000005 280
1745503403849 2.890295 281
1745503413953 2.8971669999999996 282
1745503423987 2.8987730000000003 283
1745503434029 2.9021179999999998 284
1745503444168 2.904406 285
1745503454213 2.9137190000000004 286
1745503464571 2.924227 287
1745503475036 2.925737999999999 288
1745503485083 2.9449629999999996 289
1745503495127 2.946783 290
1745503505289 2.9624419999999994 291
