1745500541246 11451.4 0
1745500551282 11497.9 1
1745500561364 16064.1 2
1745500571397 14014.8 3
1745500581438 11300.4 4
1745500591956 15979.7 5
1745500601998 11329.0 6
1745500612045 16037.7 7
1745500622125 16185.7 8
1745500632168 16129.5 9
1745500642192 11352.6 10
1745500652278 11369.5 11
1745500662362 11340.2 12
1745500672569 11313.6 13
1745500682743 11351.1 14
1745500692902 11483.2 15
1745500702949 15821.9 16
1745500712974 13662.0 17
1745500723130 11175.9 18
1745500733173 15778.5 19
1745500743205 11324.8 20
1745500753345 15831.0 21
1745500763379 15825.6 22
1745500773425 11309.1 23
1745500783587 15515.7 24
1745500793642 15913.2 25
1745500804052 11325.3 26
1745500814164 11006.1 27
1745500825459 11019.7 28
1745500835503 11168.1 29
1745500845577 15732.9 30
1745500855609 15729.3 31
1745500865650 11233.1 32
1745500875732 15703.9 33
1745500885772 12390.6 34
1745500895805 11177.4 35
1745500905892 15774.0 36
1745500915929 11236.9 37
1745500925986 15758.4 38
1745500936067 15794.5 39
1745500946786 10958.8 40
1745500956836 10932.6 41
1745500966928 11058.3 42
1745500976959 14297.4 43
1745500986989 15561.8 44
1745500997159 11137.7 45
1745501007208 15868.3 46
1745501017236 15840.6 47
1745501027368 11322.8 48
1745501037408 15858.4 49
1745501047433 15891.4 50
1745501057552 11331.7 51
1745501067571 15927.0 52
1745501077621 15916.0 53
1745501087715 11430.1 54
1745501097779 11419.6 55
1745501109084 11390.4 56
1745501119121 11525.0 57
1745501129250 15768.8 58
1745501139292 15828.8 59
1745501149323 11267.7 60
1745501159406 15811.8 61
1745501169441 15814.6 62
1745501179475 11301.2 63
1745501189566 15857.0 64
1745501199598 15777.1 65
1745501209634 11333.9 66
1745501219713 15838.7 67
1745501229759 11107.1 68
1745501240341 11156.6 69
1745501251931 11134.9 70
1745501261959 11179.5 71
1745501272014 15749.7 72
1745501282087 15800.0 73
1745501292153 11215.6 74
1745501302192 15766.4 75
1745501312273 15829.4 76
1745501322319 11266.9 77
1745501332371 15902.3 78
1745501342450 15891.4 79
1745501352497 11378.6 80
1745501362564 15977.7 81
1745501372648 11487.7 82
1745501384197 11439.0 83
1745501395815 11416.5 84
1745501405846 11557.4 85
1745501415982 16052.0 86
1745501426018 16005.5 87
1745501436055 11452.9 88
1745501446223 16034.8 89
1745501456261 16044.7 90
1745501467085 11514.8 91
1745501477178 16048.5 92
1745501487208 15965.6 93
1745501497256 11502.3 94
1745501507368 15440.0 95
1745501517397 11485.0 96
1745501527427 11507.9 97
1745501537567 11507.7 98
1745501547619 11886.1 99
1745501558351 15874.7 100
1745501568445 11396.6 101
1745501578478 15320.8 102
1745501588822 15834.1 103
1745501598922 11319.6 104
1745501608942 15836.9 105
1745501618972 15849.5 106
1745501629062 12061.5 107
1745501639102 11309.3 108
1745501649138 15810.6 109
1745501659229 15856.4 110
1745501669277 11320.4 111
1745501679417 11315.6 112
1745501690083 11291.2 113
1745501700184 11359.5 114
1745501710224 16008.2 115
1745501720281 15643.7 116
1745501730393 11055.4 117
1745501740416 15591.3 118
1745501750575 15631.5 119
1745501760661 11091.1 120
1745501770704 14464.4 121
1745501780746 15586.0 122
1745501790840 11983.9 123
1745501801306 11140.8 124
1745501811339 11116.4 125
1745501821442 11136.4 126
1745501831492 11134.1 127
1745501841518 11581.6 128
1745501852033 15760.6 129
1745501862067 11275.9 130
1745501872093 15445.6 131
1745501882543 15737.0 132
1745501892571 11262.3 133
1745501902630 15782.4 134
1745501912701 15828.8 135
1745501922733 11243.8 136
1745501932777 15777.9 137
1745501943970 15818.2 138
1745501954358 11271.9 139
1745501965029 11321.8 140
1745501975070 11320.9 141
1745501985228 11551.1 142
1745501995284 15859.3 143
1745502005316 15863.2 144
1745502015523 11358.6 145
1745502025540 15868.7 146
1745502035596 15922.9 147
1745502045796 11406.0 148
1745502055831 15927.3 149
1745502065870 15929.9 150
1745502075958 11463.3 151
1745502086014 14061.5 152
1745502096035 15733.6 153
1745502106426 11239.0 154
1745502117244 11229.5 155
1745502127293 11218.6 156
1745502137385 11318.2 157
1745502147431 11338.2 158
1745502157478 15844.3 159
1745502167658 15903.1 160
1745502177709 11314.2 161
1745502187735 15786.4 162
1745502198455 15882.1 163
1745502208486 11394.0 164
1745502218530 15871.4 165
1745502229283 15875.5 166
1745502239343 11369.2 167
1745502249381 11379.4 168
1745502259537 11404.9 169
1745502269605 11402.3 170
1745502279953 11396.5 171
1745502290060 11459.4 172
1745502300108 15949.1 173
1745502310381 16001.0 174
1745502320468 11493.9 175
1745502330536 12618.4 176
1745502340558 15957.6 177
1745502350664 13193.7 178
1745502360706 11382.8 179
1745502370732 15964.7 180
1745502380826 16035.5 181
1745502390900 11438.4 182
1745502400939 11445.6 183
1745502411412 11457.8 184
1745502421513 11453.8 185
1745502431565 11619.1 186
1745502441620 16124.0 187
1745502451691 15997.5 188
1745502461741 12327.2 189
1745502471785 11462.4 190
1745502481858 15983.5 191
1745502491912 15942.8 192
1745502501957 11499.8 193
1745502512080 14339.7 194
1745502522968 15938.5 195
1745502532996 11489.7 196
1745502543414 15268.4 197
1745502554304 11521.2 198
1745502564896 11538.0 199
1745502575002 11489.2 200
1745502585068 11952.5 201
1745502595127 15591.2 202
1745502605213 14990.6 203
1745502615251 10298.4 204
1745502625306 14809.0 205
1745502635383 14866.4 206
1745502645735 14832.1 207
1745502655777 10343.8 208
1745502665890 10280.8 209
1745502675934 14779.6 210
1745502686115 14884.7 211
1745502696487 10313.5 212
1745502706550 10395.6 213
1745502717248 10369.2 214
1745502727600 10385.6 215
1745502737699 10604.4 216
1745502749411 11043.8 217
1745502759455 10695.3 218
1745502769611 15270.0 219
1745502780467 15262.5 220
1745502790563 10671.2 221
1745502800652 12384.0 222
1745502810708 15366.5 223
1745502820787 12650.9 224
1745502830894 10786.4 225
1745502840945 15255.7 226
1745502851856 15302.5 227
1745502861897 10818.9 228
1745502871990 10802.4 229
1745502882057 10820.0 230
1745502892160 10826.6 231
1745502903250 10792.8 232
1745502913287 10795.8 233
1745502923371 15384.9 234
1745502933890 15416.1 235
1745502943929 10895.0 236
1745502953989 12997.9 237
1745502964080 15381.1 238
1745502974132 12071.5 239
1745502984168 10858.8 240
1745502994280 15373.0 241
1745503005060 15424.2 242
1745503015102 10904.6 243
1745503025216 10902.6 244
1745503035243 10874.6 245
1745503045321 10888.3 246
1745503056214 10833.7 247
1745503066248 10928.1 248
1745503076319 15523.1 249
1745503086824 15545.0 250
1745503096892 11072.0 251
1745503106953 11116.0 252
1745503117058 15595.1 253
1745503127131 12645.9 254
1745503137190 11044.5 255
1745503147305 15556.6 256
1745503157553 15626.5 257
1745503168471 11094.2 258
1745503178542 11121.8 259
1745503188649 11106.2 260
1745503198744 11110.6 261
1745503209275 11095.2 262
1745503219386 11204.7 263
1745503229434 15734.4 264
1745503240430 15772.9 265
1745503250513 11177.6 266
1745503260564 11267.2 267
1745503270583 15579.9 268
1745503280676 15521.7 269
1745503290710 11091.0 270
1745503300775 15564.5 271
1745503311952 15603.7 272
1745503322058 11007.0 273
1745503332107 11021.4 274
1745503342213 11045.1 275
1745503352272 11052.5 276
1745503363244 11044.1 277
1745503373288 11133.1 278
1745503383389 15597.2 279
1745503393784 15653.5 280
1745503403849 11118.3 281
1745503413953 11282.3 282
1745503423987 15679.7 283
1745503434029 11180.2 284
1745503444168 11142.7 285
1745503454213 15651.6 286
1745503464571 15807.8 287
1745503475036 11177.1 288
1745503485083 11189.3 289
1745503495127 11202.9 290
1745503505289 11220.5 291
