1745500541246 67.9 0
1745500551282 68.2 1
1745500561364 95.2 2
1745500571397 83.1 3
1745500581438 67.0 4
1745500591956 94.7 5
1745500601998 67.2 6
1745500612045 95.1 7
1745500622125 96.0 8
1745500632168 95.6 9
1745500642192 67.3 10
1745500652278 67.4 11
1745500662362 67.2 12
1745500672569 67.1 13
1745500682743 67.3 14
1745500692902 68.1 15
1745500702949 93.8 16
1745500712974 81.0 17
1745500723130 66.3 18
1745500733173 93.5 19
1745500743205 67.1 20
1745500753345 93.9 21
1745500763379 93.8 22
1745500773425 67.0 23
1745500783587 92.0 24
1745500793642 94.3 25
1745500804052 67.1 26
1745500814164 65.3 27
1745500825459 65.3 28
1745500835503 66.2 29
1745500845577 93.3 30
1745500855609 93.3 31
1745500865650 66.6 32
1745500875732 93.1 33
1745500885772 73.5 34
1745500895805 66.3 35
1745500905892 93.5 36
1745500915929 66.6 37
1745500925986 93.4 38
1745500936067 93.6 39
1745500946786 65.0 40
1745500956836 64.8 41
1745500966928 65.6 42
1745500976959 84.8 43
1745500986989 92.3 44
1745500997159 66.0 45
1745501007208 94.1 46
1745501017236 93.9 47
1745501027368 67.1 48
1745501037408 94.0 49
1745501047433 94.2 50
1745501057552 67.2 51
1745501067571 94.4 52
1745501077621 94.4 53
1745501087715 67.8 54
1745501097779 67.7 55
1745501109084 67.5 56
1745501119121 68.3 57
1745501129250 93.5 58
1745501139292 93.8 59
1745501149323 66.8 60
1745501159406 93.7 61
1745501169441 93.8 62
1745501179475 67.0 63
1745501189566 94.0 64
1745501199598 93.5 65
1745501209634 67.2 66
1745501219713 93.9 67
1745501229759 65.9 68
1745501240341 66.1 69
1745501251931 66.0 70
1745501261959 66.3 71
1745501272014 93.4 72
1745501282087 93.7 73
1745501292153 66.5 74
1745501302192 93.5 75
1745501312273 93.8 76
1745501322319 66.8 77
1745501332371 94.3 78
1745501342450 94.2 79
1745501352497 67.5 80
1745501362564 94.7 81
1745501372648 68.1 82
1745501384197 67.8 83
1745501395815 67.7 84
1745501405846 68.5 85
1745501415982 95.2 86
1745501426018 94.9 87
1745501436055 67.9 88
1745501446223 95.1 89
1745501456261 95.1 90
1745501467085 68.3 91
1745501477178 95.1 92
1745501487208 94.7 93
1745501497256 68.2 94
1745501507368 91.5 95
1745501517397 68.1 96
1745501527427 68.2 97
1745501537567 68.2 98
1745501547619 70.5 99
1745501558351 94.1 100
1745501568445 67.6 101
1745501578478 90.8 102
1745501588822 93.9 103
1745501598922 67.1 104
1745501608942 93.9 105
1745501618972 94.0 106
1745501629062 71.5 107
1745501639102 67.1 108
1745501649138 93.7 109
1745501659229 94.0 110
1745501669277 67.1 111
1745501679417 67.1 112
1745501690083 66.9 113
1745501700184 67.3 114
1745501710224 94.9 115
1745501720281 92.7 116
1745501730393 65.5 117
1745501740416 92.4 118
1745501750575 92.7 119
1745501760661 65.8 120
1745501770704 85.8 121
1745501780746 92.4 122
1745501790840 71.0 123
1745501801306 66.1 124
1745501811339 65.9 125
1745501821442 66.0 126
1745501831492 66.0 127
1745501841518 68.7 128
1745501852033 93.4 129
1745501862067 66.9 130
1745501872093 91.6 131
1745501882543 93.3 132
1745501892571 66.8 133
1745501902630 93.6 134
1745501912701 93.8 135
1745501922733 66.7 136
1745501932777 93.5 137
1745501943970 93.8 138
1745501954358 66.8 139
1745501965029 67.1 140
1745501975070 67.1 141
1745501985228 68.5 142
1745501995284 94.0 143
1745502005316 94.0 144
1745502015523 67.3 145
1745502025540 94.1 146
1745502035596 94.4 147
1745502045796 67.6 148
1745502055831 94.4 149
1745502065870 94.4 150
1745502075958 68.0 151
1745502086014 83.4 152
1745502096035 93.3 153
1745502106426 66.6 154
1745502117244 66.6 155
1745502127293 66.5 156
1745502137385 67.1 157
1745502147431 67.2 158
1745502157478 93.9 159
1745502167658 94.3 160
1745502177709 67.1 161
1745502187735 93.6 162
1745502198455 94.2 163
1745502208486 67.6 164
1745502218530 94.1 165
1745502229283 94.1 166
1745502239343 67.4 167
1745502249381 67.5 168
1745502259537 67.6 169
1745502269605 67.6 170
1745502279953 67.6 171
1745502290060 67.9 172
1745502300108 94.6 173
1745502310381 94.9 174
1745502320468 68.1 175
1745502330536 74.8 176
1745502340558 94.6 177
1745502350664 78.2 178
1745502360706 67.5 179
1745502370732 94.7 180
1745502380826 95.1 181
1745502390900 67.8 182
1745502400939 67.9 183
1745502411412 67.9 184
1745502421513 67.9 185
1745502431565 68.9 186
1745502441620 95.6 187
1745502451691 94.8 188
1745502461741 73.1 189
1745502471785 68.0 190
1745502481858 94.8 191
1745502491912 94.5 192
1745502501957 68.2 193
1745502512080 85.0 194
1745502522968 94.5 195
1745502532996 68.1 196
1745502543414 90.5 197
1745502554304 68.3 198
1745502564896 68.4 199
1745502575002 68.1 200
1745502585068 70.9 201
1745502595127 92.4 202
1745502605213 88.9 203
1745502615251 61.1 204
1745502625306 87.8 205
1745502635383 88.1 206
1745502645735 87.9 207
1745502655777 61.3 208
1745502665890 61.0 209
1745502675934 87.6 210
1745502686115 88.2 211
1745502696487 61.1 212
1745502706550 61.6 213
1745502717248 61.5 214
1745502727600 61.6 215
1745502737699 62.9 216
1745502749411 65.5 217
1745502759455 63.4 218
1745502769611 90.5 219
1745502780467 90.5 220
1745502790563 63.3 221
1745502800652 73.4 222
1745502810708 91.1 223
1745502820787 75.0 224
1745502830894 64.0 225
1745502840945 90.4 226
1745502851856 90.7 227
1745502861897 64.1 228
1745502871990 64.0 229
1745502882057 64.1 230
1745502892160 64.2 231
1745502903250 64.0 232
1745502913287 64.0 233
1745502923371 91.2 234
1745502933890 91.4 235
1745502943929 64.6 236
1745502953989 77.1 237
1745502964080 91.2 238
1745502974132 71.6 239
1745502984168 64.4 240
1745502994280 91.1 241
1745503005060 91.4 242
1745503015102 64.7 243
1745503025216 64.6 244
1745503035243 64.5 245
1745503045321 64.6 246
1745503056214 64.2 247
1745503066248 64.8 248
1745503076319 92.0 249
1745503086824 92.2 250
1745503096892 65.6 251
1745503106953 65.9 252
1745503117058 92.5 253
1745503127131 75.0 254
1745503137190 65.5 255
1745503147305 92.2 256
1745503157553 92.6 257
1745503168471 65.8 258
1745503178542 65.9 259
1745503188649 65.8 260
1745503198744 65.9 261
1745503209275 65.8 262
1745503219386 66.4 263
1745503229434 93.3 264
1745503240430 93.5 265
1745503250513 66.3 266
1745503260564 66.8 267
1745503270583 92.4 268
1745503280676 92.0 269
1745503290710 65.8 270
1745503300775 92.3 271
1745503311952 92.5 272
1745503322058 65.3 273
1745503332107 65.3 274
1745503342213 65.5 275
1745503352272 65.5 276
1745503363244 65.5 277
1745503373288 66.0 278
1745503383389 92.5 279
1745503393784 92.8 280
1745503403849 65.9 281
1745503413953 66.9 282
1745503423987 93.0 283
1745503434029 66.3 284
1745503444168 66.1 285
1745503454213 92.8 286
1745503464571 93.7 287
1745503475036 66.3 288
1745503485083 66.3 289
1745503495127 66.4 290
1745503505289 66.5 291
