1745503524646 0.0 0
1745503534717 13.4 1
1745503544742 15.1 2
1745503554783 12.2 3
1745503565455 11.6 4
1745503575490 11.6 5
1745503585527 16.1 6
1745503595606 10.6 7
1745503605982 10.2 8
1745503616003 12.4 9
1745503626088 15.4 10
1745503636523 11.2 11
1745503646566 17.1 12
1745503658867 22.9 13
1745503671253 20.4 14
1745503681282 13.4 15
1745503691321 19.2 16
1745503701408 10.9 17
1745503711461 10.6 18
1745503721482 12.8 19
1745503731615 13.5 20
1745503742785 9.3 21
1745503752841 11.3 22
1745503762934 14.6 23
1745503772975 10.0 24
1745503783425 12.0 25
1745503793513 10.8 26
1745503803552 22.3 27
1745503813598 19.7 28
1745503823676 20.6 29
1745503833760 11.7 30
1745503843787 12.6 31
1745503854456 10.4 32
1745503864557 11.9 33
1745503874589 14.9 34
1745503884637 10.9 35
1745503894717 10.4 36
1745503904751 11.6 37
1745503914788 14.6 38
1745503924873 10.6 39
1745503934914 10.8 40
1745503944944 13.7 41
1745503955032 20.1 42
1745503965104 18.5 43
1745503975129 19.9 44
1745503985250 12.9 45
1745503995284 11.2 46
1745504005748 10.4 47
1745504015839 11.4 48
1745504025877 14.9 49
1745504035916 11.0 50
1745504045997 10.4 51
1745504056041 11.6 52
1745504066076 14.7 53
1745504077308 10.7 54
1745504088249 10.4 55
1745504098287 14.8 56
1745504108877 22.0 57
1745504118915 18.7 58
1745504128961 17.5 59
1745504139070 13.1 60
1745504149327 10.2 61
1745504159392 11.4 62
1745504169427 15.0 63
1745504179519 10.2 64
1745504189566 10.8 65
1745504199599 11.4 66
1745504209714 15.0 67
1745504219755 10.4 68
1745504229791 10.6 69
1745504240021 13.8 70
1745504250064 11.3 71
1745504260118 19.7 72
1745504270224 20.3 73
1745504280278 16.6 74
1745504290305 12.9 75
1745504300386 13.7 76
1745504310996 10.3 77
1745504321022 11.4 78
1745504331141 15.4 79
1745504341172 10.1 80
1745504351200 11.3 81
1745504361296 14.6 82
1745504371342 13.2 83
1745504381373 10.9 84
1745504391471 11.7 85
1745504401500 10.7 86
1745504412183 22.7 87
1745504422301 19.6 88
1745504432372 19.1 89
1745504442412 13.0 90
1745504452504 11.8 91
1745504463166 10.8 92
1745504473229 13.6 93
1745504483339 15.3 94
1745504493376 11.4 95
1745504504172 11.2 96
1745504514253 11.9 97
1745504524286 14.2 98
1745504534320 11.6 99
1745504545765 10.7 100
1745504555851 10.6 101
1745504565877 21.3 102
1745504575930 18.7 103
1745504587887 16.7 104
1745504597946 11.8 105
1745504608018 15.8 106
1745504618095 10.7 107
1745504628327 10.2 108
1745504638378 11.5 109
1745504648470 15.1 110
1745504658540 10.2 111
1745504669827 11.5 112
1745504679991 13.6 113
1745504690040 10.6 114
1745504701081 11.5 115
1745504711152 10.6 116
1745504722066 21.7 117
1745504732136 18.2 118
1745504742167 19.5 119
1745504752292 13.1 120
1745504762328 12.0 121
1745504773455 10.1 122
1745504783541 11.1 123
1745504793576 14.6 124
1745504803628 10.6 125
1745504813896 10.4 126
1745504823918 11.2 127
1745504833956 15.0 128
1745504844060 10.3 129
1745504854516 10.6 130
1745504864571 11.0 131
1745504874668 21.9 132
1745504884729 19.1 133
1745504896003 18.0 134
1745504906055 13.1 135
1745504916175 15.9 136
1745504926204 11.0 137
1745504936719 10.5 138
1745504946814 11.6 139
1745504956870 14.7 140
1745504966915 10.8 141
1745504977016 10.3 142
1745504987044 10.9 143
1745504997078 14.2 144
1745505009849 10.8 145
1745505019883 10.1 146
1745505029903 23.4 147
1745505040018 19.2 148
1745505050967 18.3 149
1745505061025 10.9 150
1745505071106 16.0 151
1745505081204 10.4 152
1745505091554 11.0 153
1745505101614 11.6 154
1745505111718 16.1 155
1745505121747 11.6 156
1745505132615 10.4 157
1745505142730 11.3 158
1745505152793 14.1 159
1745505162839 10.3 160
1745505172953 10.2 161
1745505184293 17.7 162
1745505194605 17.9 163
1745505207613 17.5 164
1745505217705 14.9 165
1745505227756 16.4 166
1745505237792 10.9 167
1745505248418 10.9 168
1745505258453 10.8 169
1745505268509 16.3 170
1745505278604 10.6 171
1745505289009 10.5 172
1745505299073 11.3 173
1745505309180 14.9 174
1745505319631 10.7 175
1745505329687 12.5 176
1745505339780 18.1 177
1745505351449 19.0 178
1745505361505 15.3 179
1745505372579 16.1 180
1745505382702 11.5 181
1745505392776 14.0 182
1745505402811 11.1 183
1745505413696 10.5 184
1745505423768 11.6 185
1745505433808 15.2 186
1745505443916 11.4 187
1745505454615 10.3 188
1745505464664 10.7 189
1745505474778 15.4 190
1745505484850 9.7 191
1745505494915 15.8 192
1745505506353 19.6 193
1745505516417 16.9 194
1745505526478 16.6 195
1745505536595 12.9 196
1745505547716 9.9 197
1745505557772 11.1 198
1745505567824 14.8 199
1745505577929 10.8 200
1745505588724 10.0 201
1745505598793 10.8 202
1745505608878 15.0 203
1745505618920 10.4 204
1745505628965 10.7 205
1745505639082 11.3 206
1745505650445 14.2 207
1745505660914 17.4 208
1745505671044 17.8 209
1745505681100 19.3 210
1745505691148 10.0 211
1745505701252 15.7 212
1745505711309 11.5 213
1745505721378 9.7 214
1745505732892 11.7 215
1745505743003 14.6 216
1745505753068 11.1 217
1745505763093 10.1 218
1745505773993 10.8 219
1745505784020 10.7 220
1745505794067 15.1 221
1745505804162 10.1 222
1745505815517 14.8 223
1745505825550 17.3 224
1745505835679 20.5 225
1745505845736 14.8 226
1745505855759 13.2 227
1745505865859 12.9 228
1745505876104 11.0 229
1745505886148 11.6 230
1745505896287 14.9 231
1745505906334 10.5 232
1745505917384 10.6 233
1745505927495 11.7 234
1745505937563 13.2 235
1745505947614 11.5 236
1745505959683 11.0 237
1745505969788 10.8 238
1745505979854 20.9 239
1745505989922 19.9 240
1745506002327 17.8 241
1745506012357 10.9 242
1745506022425 14.9 243
1745506032529 11.7 244
1745506043788 9.8 245
1745506053816 11.0 246
1745506063877 14.5 247
1745506073977 10.7 248
1745506084014 10.3 249
1745506094040 11.5 250
1745506104174 14.6 251
1745506117193 11.4 252
1745506127227 9.7 253
1745506137373 20.0 254
1745506147453 20.4 255
1745506157483 15.5 256
1745506169178 14.9 257
1745506179279 12.6 258
1745506189332 15.7 259
1745506199372 10.9 260
1745506209499 11.7 261
1745506219537 11.7 262
1745506229561 13.6 263
1745506239694 13.4 264
1745506249733 10.3 265
1745506259782 11.8 266
1745506269899 13.4 267
1745506280061 12.7 268
1745506290122 11.4 269
1745506300232 20.0 270
1745506310299 19.9 271
1745506320384 17.3 272
1745506330485 10.8 273
1745506340535 13.7 274
1745506350577 10.2 275
1745506360681 11.1 276
1745506370743 11.2 277
1745506380789 14.9 278
1745506390877 10.4 279
1745506401251 10.4 280
1745506411324 11.0 281
1745506421427 14.2 282
1745506432074 10.6 283
1745506442147 10.5 284
1745506452246 15.9 285
1745506462306 20.0 286
1745506472376 18.4 287
1745506482519 15.9 288
1745506492563 12.3 289
1745506503875 13.9 290
1745506513992 11.3 291
1745506524100 15.5 292
1745506534138 11.1 293
1745506544161 10.7 294
1745506554277 11.5 295
1745506564295 12.7 296
1745506574346 13.2 297
1745506584434 9.7 298
1745506595222 11.1 299
1745506605307 10.5 300
1745506615397 18.8 301
1745506626823 19.1 302
1745506636892 15.6 303
