1745503524646 62.6 0
1745503534717 62.7 1
1745503544742 64.6 2
1745503554783 64.6 3
1745503565455 64.6 4
1745503575490 64.6 5
1745503585527 64.6 6
1745503595606 64.6 7
1745503605982 64.6 8
1745503616003 64.6 9
1745503626088 62.7 10
1745503636523 64.6 11
1745503646566 62.7 12
1745503658867 62.7 13
1745503671253 62.6 14
1745503681282 62.6 15
1745503691321 64.1 16
1745503701408 64.1 17
1745503711461 64.1 18
1745503721482 64.1 19
1745503731615 64.7 20
1745503742785 64.7 21
1745503752841 64.6 22
1745503762934 64.6 23
1745503772975 64.6 24
1745503783425 64.6 25
1745503793513 64.6 26
1745503803552 62.8 27
1745503813598 62.7 28
1745503823676 62.6 29
1745503833760 62.6 30
1745503843787 64.1 31
1745503854456 64.1 32
1745503864557 62.7 33
1745503874589 64.6 34
1745503884637 64.6 35
1745503894717 64.6 36
1745503904751 64.6 37
1745503914788 64.6 38
1745503924873 64.7 39
1745503934914 64.7 40
1745503944944 64.7 41
1745503955032 62.8 42
1745503965104 62.8 43
1745503975129 62.7 44
1745503985250 62.7 45
1745503995284 64.6 46
1745504005748 64.6 47
1745504015839 62.9 48
1745504025877 64.7 49
1745504035916 64.7 50
1745504045997 64.7 51
1745504056041 64.7 52
1745504066076 64.7 53
1745504077308 64.7 54
1745504088249 64.7 55
1745504098287 62.8 56
1745504108877 62.8 57
1745504118915 62.8 58
1745504128961 62.8 59
1745504139070 64.7 60
1745504149327 64.7 61
1745504159392 64.7 62
1745504169427 64.7 63
1745504179519 64.7 64
1745504189566 64.7 65
1745504199599 64.7 66
1745504209714 64.7 67
1745504219755 64.7 68
1745504229791 64.7 69
1745504240021 63.0 70
1745504250064 63.0 71
1745504260118 62.8 72
1745504270224 62.8 73
1745504280278 62.8 74
1745504290305 62.8 75
1745504300386 64.6 76
1745504310996 64.6 77
1745504321022 64.6 78
1745504331141 63.1 79
1745504341172 63.1 80
1745504351200 64.7 81
1745504361296 62.8 82
1745504371342 64.6 83
1745504381373 64.6 84
1745504391471 64.6 85
1745504401500 64.6 86
1745504412183 62.7 87
1745504422301 62.7 88
1745504432372 62.7 89
1745504442412 62.7 90
1745504452504 64.6 91
1745504463166 64.6 92
1745504473229 64.7 93
1745504483339 62.8 94
1745504493376 64.7 95
1745504504172 64.7 96
1745504514253 64.7 97
1745504524286 64.7 98
1745504534320 64.7 99
1745504545765 64.7 100
1745504555851 62.7 101
1745504565877 62.7 102
1745504575930 62.7 103
1745504587887 62.7 104
1745504597946 62.7 105
1745504608018 64.6 106
1745504618095 64.6 107
1745504628327 64.6 108
1745504638378 64.7 109
1745504648470 64.7 110
1745504658540 64.7 111
1745504669827 64.7 112
1745504679991 64.7 113
1745504690040 64.7 114
1745504701081 64.7 115
1745504711152 64.7 116
1745504722066 62.9 117
1745504732136 62.9 118
1745504742167 62.8 119
1745504752292 62.8 120
1745504762328 64.7 121
1745504773455 64.7 122
1745504783541 64.7 123
1745504793576 64.7 124
1745504803628 64.7 125
1745504813896 64.7 126
1745504823918 64.7 127
1745504833956 64.7 128
1745504844060 64.7 129
1745504854516 64.7 130
1745504864571 62.9 131
1745504874668 62.9 132
1745504884729 62.9 133
1745504896003 62.9 134
1745504906055 62.9 135
1745504916175 64.7 136
1745504926204 64.7 137
1745504936719 64.7 138
1745504946814 62.9 139
1745504956870 64.7 140
1745504966915 63.1 141
1745504977016 63.1 142
1745504987044 63.1 143
1745504997078 63.1 144
1745505009849 63.1 145
1745505019883 63.1 146
1745505029903 62.8 147
1745505040018 62.8 148
1745505050967 62.8 149
1745505061025 62.8 150
1745505071106 64.7 151
1745505081204 64.7 152
1745505091554 64.7 153
1745505101614 64.7 154
1745505111718 64.7 155
1745505121747 64.7 156
1745505132615 64.8 157
1745505142730 62.9 158
1745505152793 64.8 159
1745505162839 64.8 160
1745505172953 62.9 161
1745505184293 62.9 162
1745505194605 62.9 163
1745505207613 62.9 164
1745505217705 62.9 165
1745505227756 64.7 166
1745505237792 64.7 167
1745505248418 64.7 168
1745505258453 64.7 169
1745505268509 64.7 170
1745505278604 64.7 171
1745505289009 64.7 172
1745505299073 64.7 173
1745505309180 62.9 174
1745505319631 64.7 175
1745505329687 62.9 176
1745505339780 62.8 177
1745505351449 62.8 178
1745505361505 62.8 179
1745505372579 62.8 180
1745505382702 62.8 181
1745505392776 64.6 182
1745505402811 64.6 183
1745505413696 64.6 184
1745505423768 64.6 185
1745505433808 64.6 186
1745505443916 64.6 187
1745505454615 64.6 188
1745505464664 64.6 189
1745505474778 62.8 190
1745505484850 64.7 191
1745505494915 62.8 192
1745505506353 62.8 193
1745505516417 62.8 194
1745505526478 62.7 195
1745505536595 64.6 196
1745505547716 64.6 197
1745505557772 64.6 198
1745505567824 64.6 199
1745505577929 64.6 200
1745505588724 64.6 201
1745505598793 64.6 202
1745505608878 64.6 203
1745505618920 64.8 204
1745505628965 64.7 205
1745505639082 62.9 206
1745505650445 62.8 207
1745505660914 62.8 208
1745505671044 62.8 209
1745505681100 62.8 210
1745505691148 62.8 211
1745505701252 64.6 212
1745505711309 64.6 213
1745505721378 64.6 214
1745505732892 64.6 215
1745505743003 64.6 216
1745505753068 64.6 217
1745505763093 64.7 218
1745505773993 64.7 219
1745505784020 64.7 220
1745505794067 64.7 221
1745505804162 64.7 222
1745505815517 64.7 223
1745505825550 62.9 224
1745505835679 62.9 225
1745505845736 62.9 226
1745505855759 64.7 227
1745505865859 64.7 228
1745505876104 64.7 229
1745505886148 64.7 230
1745505896287 64.8 231
1745505906334 64.8 232
1745505917384 64.8 233
1745505927495 64.8 234
1745505937563 64.8 235
1745505947614 64.8 236
1745505959683 64.8 237
1745505969788 62.8 238
1745505979854 62.8 239
1745505989922 62.8 240
1745506002327 62.8 241
1745506012357 62.8 242
1745506022425 64.6 243
1745506032529 64.7 244
1745506043788 64.7 245
1745506053816 64.7 246
1745506063877 64.8 247
1745506073977 64.8 248
1745506084014 64.8 249
1745506094040 64.8 250
1745506104174 64.8 251
1745506117193 64.8 252
1745506127227 62.9 253
1745506137373 62.9 254
1745506147453 62.9 255
1745506157483 62.8 256
1745506169178 62.8 257
1745506179279 62.9 258
1745506189332 64.8 259
1745506199372 64.8 260
1745506209499 64.8 261
1745506219537 64.8 262
1745506229561 64.8 263
1745506239694 64.8 264
1745506249733 64.8 265
1745506259782 64.8 266
1745506269899 62.9 267
1745506280061 64.8 268
1745506290122 62.9 269
1745506300232 62.9 270
1745506310299 62.9 271
1745506320384 62.9 272
1745506330485 62.9 273
1745506340535 64.8 274
1745506350577 64.8 275
1745506360681 64.8 276
1745506370743 64.8 277
1745506380789 64.8 278
1745506390877 64.8 279
1745506401251 64.8 280
1745506411324 64.8 281
1745506421427 62.9 282
1745506432074 64.8 283
1745506442147 62.9 284
1745506452246 62.9 285
1745506462306 62.9 286
1745506472376 62.9 287
1745506482519 62.9 288
1745506492563 64.8 289
1745506503875 64.8 290
1745506513992 64.8 291
1745506524100 64.8 292
1745506534138 64.8 293
1745506544161 64.8 294
1745506554277 64.8 295
1745506564295 64.8 296
1745506574346 64.8 297
1745506584434 64.8 298
1745506595222 64.8 299
1745506605307 64.8 300
1745506615397 62.9 301
1745506626823 62.9 302
1745506636892 62.9 303
