1745503524646 204988.8 0
1745503534717 204593.4 1
1745503544742 194363.6 2
1745503554783 194363.6 3
1745503565455 194137.9 4
1745503575490 194137.9 5
1745503585527 194137.9 6
1745503595606 194137.9 7
1745503605982 194137.9 8
1745503616003 194122.2 9
1745503626088 204467.0 10
1745503636523 194254.6 11
1745503646566 204635.5 12
1745503658867 204780.7 13
1745503671253 205098.7 14
1745503681282 205058.3 15
1745503691321 196879.7 16
1745503701408 196879.7 17
1745503711461 196879.7 18
1745503721482 196879.7 19
1745503731615 193780.9 20
1745503742785 193780.9 21
1745503752841 194020.8 22
1745503762934 194020.8 23
1745503772975 194020.8 24
1745503783425 194020.8 25
1745503793513 194020.8 26
1745503803552 204234.2 27
1745503813598 204631.7 28
1745503823676 204944.2 29
1745503833760 204944.2 30
1745503843787 196760.5 31
1745503854456 196760.5 32
1745503864557 204286.2 33
1745503874589 194068.6 34
1745503884637 193853.5 35
1745503894717 193853.5 36
1745503904751 193853.5 37
1745503914788 193853.5 38
1745503924873 193785.4 39
1745503934914 193785.4 40
1745503944944 193785.4 41
1745503955032 204218.9 42
1745503965104 204218.9 43
1745503975129 204465.6 44
1745503985250 204465.6 45
1745503995284 194152.4 46
1745504005748 193977.7 47
1745504015839 203667.1 48
1745504025877 193434.9 49
1745504035916 193434.9 50
1745504045997 193434.9 51
1745504056041 193434.9 52
1745504066076 193434.9 53
1745504077308 193434.9 54
1745504088249 193434.9 55
1745504098287 204163.9 56
1745504108877 204163.9 57
1745504118915 204163.9 58
1745504128961 204163.6 59
1745504139070 193831.8 60
1745504149327 193831.8 61
1745504159392 193440.7 62
1745504169427 193440.7 63
1745504179519 193440.7 64
1745504189566 193440.7 65
1745504199599 193440.7 66
1745504209714 193522.1 67
1745504219755 193522.1 68
1745504229791 193522.1 69
1745504240021 202828.8 70
1745504250064 202828.8 71
1745504260118 204208.6 72
1745504270224 204208.6 73
1745504280278 204208.3 74
1745504290305 204208.3 75
1745504300386 193982.9 76
1745504310996 193982.9 77
1745504321022 193982.9 78
1745504331141 202128.2 79
1745504341172 202128.2 80
1745504351200 193829.2 81
1745504361296 204099.9 82
1745504371342 193879.4 83
1745504381373 193879.4 84
1745504391471 193879.4 85
1745504401500 193879.4 86
1745504412183 204281.8 87
1745504422301 204281.8 88
1745504432372 204281.4 89
1745504442412 204281.4 90
1745504452504 194050.4 91
1745504463166 194050.4 92
1745504473229 193702.7 93
1745504483339 203987.6 94
1745504493376 193762.6 95
1745504504172 193762.6 96
1745504514253 193762.6 97
1745504524286 193762.6 98
1745504534320 193762.6 99
1745504545765 193762.6 100
1745504555851 204439.9 101
1745504565877 204439.9 102
1745504575930 204439.9 103
1745504587887 204587.7 104
1745504597946 204587.3 105
1745504608018 194258.5 106
1745504618095 194258.5 107
1745504628327 194258.5 108
1745504638378 193540.6 109
1745504648470 193551.3 110
1745504658540 193551.3 111
1745504669827 193506.9 112
1745504679991 193506.9 113
1745504690040 193506.9 114
1745504701081 193506.9 115
1745504711152 193506.9 116
1745504722066 203703.8 117
1745504732136 203703.8 118
1745504742167 203907.7 119
1745504752292 203907.7 120
1745504762328 193695.6 121
1745504773455 193333.0 122
1745504783541 193333.0 123
1745504793576 193333.0 124
1745504803628 193333.0 125
1745504813896 193333.0 126
1745504823918 193333.0 127
1745504833956 193333.0 128
1745504844060 193333.0 129
1745504854516 193333.0 130
1745504864571 203586.9 131
1745504874668 203693.2 132
1745504884729 203693.2 133
1745504896003 203692.4 134
1745504906055 203692.4 135
1745504916175 193368.3 136
1745504926204 193307.8 137
1745504936719 193307.8 138
1745504946814 203550.0 139
1745504956870 193315.5 140
1745504966915 202609.5 141
1745504977016 202609.5 142
1745504987044 202609.5 143
1745504997078 202609.5 144
1745505009849 202609.5 145
1745505019883 202609.5 146
1745505029903 203765.4 147
1745505040018 203765.4 148
1745505050967 203765.1 149
1745505061025 203853.5 150
1745505071106 193628.6 151
1745505081204 193628.6 152
1745505091554 193628.6 153
1745505101614 193628.6 154
1745505111718 193628.6 155
1745505121747 193628.6 156
1745505132615 193172.1 157
1745505142730 203370.5 158
1745505152793 193150.6 159
1745505162839 193150.6 160
1745505172953 203410.4 161
1745505184293 203410.4 162
1745505194605 203551.2 163
1745505207613 203711.8 164
1745505217705 203711.5 165
1745505227756 193495.1 166
1745505237792 193495.1 167
1745505248418 193495.1 168
1745505258453 193495.1 169
1745505268509 193495.1 170
1745505278604 193495.1 171
1745505289009 193495.1 172
1745505299073 193495.1 173
1745505309180 203688.3 174
1745505319631 193465.3 175
1745505329687 203599.0 176
1745505339780 204095.4 177
1745505351449 204095.4 178
1745505361505 204177.3 179
1745505372579 204209.6 180
1745505382702 204253.1 181
1745505392776 194034.2 182
1745505402811 194034.2 183
1745505413696 194034.2 184
1745505423768 194034.2 185
1745505433808 194034.2 186
1745505443916 194034.2 187
1745505454615 194034.2 188
1745505464664 194034.2 189
1745505474778 203817.6 190
1745505484850 193600.9 191
1745505494915 204238.7 192
1745505506353 204238.7 193
1745505516417 204238.7 194
1745505526478 204326.3 195
1745505536595 193999.4 196
1745505547716 193999.4 197
1745505557772 193999.4 198
1745505567824 193999.4 199
1745505577929 193999.4 200
1745505588724 193999.4 201
1745505598793 193999.4 202
1745505608878 193999.4 203
1745505618920 193230.5 204
1745505628965 193374.4 205
1745505639082 203606.3 206
1745505650445 204212.8 207
1745505660914 204212.8 208
1745505671044 204212.8 209
1745505681100 204212.4 210
1745505691148 204212.4 211
1745505701252 193890.7 212
1745505711309 193890.7 213
1745505721378 193890.7 214
1745505732892 193890.7 215
1745505743003 193890.7 216
1745505753068 193890.7 217
1745505763093 193563.7 218
1745505773993 193563.7 219
1745505784020 193563.7 220
1745505794067 193563.7 221
1745505804162 193563.7 222
1745505815517 193563.7 223
1745505825550 203605.0 224
1745505835679 203605.0 225
1745505845736 203604.6 226
1745505855759 193381.6 227
1745505865859 193381.6 228
1745505876104 193381.6 229
1745505886148 193527.8 230
1745505896287 193123.1 231
1745505906334 193123.1 232
1745505917384 193123.1 233
1745505927495 193123.1 234
1745505937563 193123.1 235
1745505947614 193123.1 236
1745505959683 193202.0 237
1745505969788 204011.0 238
1745505979854 204011.0 239
1745505989922 204011.0 240
1745506002327 204226.9 241
1745506012357 204226.6 242
1745506022425 194010.8 243
1745506032529 193592.2 244
1745506043788 193592.2 245
1745506053816 193592.2 246
1745506063877 193004.5 247
1745506073977 193004.5 248
1745506084014 193004.5 249
1745506094040 193004.5 250
1745506104174 193004.5 251
1745506117193 193004.5 252
1745506127227 203352.2 253
1745506137373 203666.5 254
1745506147453 203666.5 255
1745506157483 203778.4 256
1745506169178 203778.0 257
1745506179279 203446.0 258
1745506189332 193213.8 259
1745506199372 193213.8 260
1745506209499 193213.8 261
1745506219537 193213.8 262
1745506229561 193213.8 263
1745506239694 193213.8 264
1745506249733 193213.8 265
1745506259782 193104.4 266
1745506269899 203371.3 267
1745506280061 193043.0 268
1745506290122 203502.1 269
1745506300232 203502.1 270
1745506310299 203502.1 271
1745506320384 203501.7 272
1745506330485 203501.7 273
1745506340535 193181.8 274
1745506350577 193181.8 275
1745506360681 193181.8 276
1745506370743 193181.8 277
1745506380789 192946.9 278
1745506390877 192946.9 279
1745506401251 192946.9 280
1745506411324 192946.9 281
1745506421427 203357.6 282
1745506432074 193131.8 283
1745506442147 203184.6 284
1745506452246 203483.3 285
1745506462306 203483.3 286
1745506472376 203483.3 287
1745506482519 203482.9 288
1745506492563 193172.1 289
1745506503875 193172.1 290
1745506513992 193172.1 291
1745506524100 193172.1 292
1745506534138 193172.1 293
1745506544161 192872.4 294
1745506554277 192811.0 295
1745506564295 192904.8 296
1745506574346 192904.8 297
1745506584434 192904.8 298
1745506595222 192904.8 299
1745506605307 192904.8 300
1745506615397 203415.5 301
1745506626823 203415.5 302
1745506636892 203415.5 303
