1745503524646 343370.4 0
1745503534717 343765.7 1
1745503544742 353995.5 2
1745503554783 353995.5 3
1745503565455 354221.2 4
1745503575490 354221.2 5
1745503585527 354221.2 6
1745503595606 354221.2 7
1745503605982 354221.2 8
1745503616003 354236.9 9
1745503626088 343892.1 10
1745503636523 354104.5 11
1745503646566 343723.6 12
1745503658867 343578.4 13
1745503671253 343260.4 14
1745503681282 343300.8 15
1745503691321 351479.4 16
1745503701408 351479.4 17
1745503711461 351479.4 18
1745503721482 351479.4 19
1745503731615 354578.2 20
1745503742785 354578.2 21
1745503752841 354338.3 22
1745503762934 354338.3 23
1745503772975 354338.3 24
1745503783425 354338.3 25
1745503793513 354338.3 26
1745503803552 344124.9 27
1745503813598 343727.4 28
1745503823676 343414.9 29
1745503833760 343414.9 30
1745503843787 351598.6 31
1745503854456 351598.6 32
1745503864557 344072.9 33
1745503874589 354290.5 34
1745503884637 354505.6 35
1745503894717 354505.6 36
1745503904751 354505.6 37
1745503914788 354505.6 38
1745503924873 354573.7 39
1745503934914 354573.7 40
1745503944944 354573.7 41
1745503955032 344140.2 42
1745503965104 344140.2 43
1745503975129 343893.5 44
1745503985250 343893.5 45
1745503995284 354206.7 46
1745504005748 354381.5 47
1745504015839 344692.0 48
1745504025877 354924.2 49
1745504035916 354924.2 50
1745504045997 354924.2 51
1745504056041 354924.2 52
1745504066076 354924.2 53
1745504077308 354924.2 54
1745504088249 354924.2 55
1745504098287 344195.2 56
1745504108877 344195.2 57
1745504118915 344195.2 58
1745504128961 344195.5 59
1745504139070 354527.4 60
1745504149327 354527.4 61
1745504159392 354918.4 62
1745504169427 354918.4 63
1745504179519 354918.4 64
1745504189566 354918.4 65
1745504199599 354918.4 66
1745504209714 354837.0 67
1745504219755 354837.0 68
1745504229791 354837.0 69
1745504240021 345530.3 70
1745504250064 345530.3 71
1745504260118 344150.5 72
1745504270224 344150.5 73
1745504280278 344150.9 74
1745504290305 344150.9 75
1745504300386 354376.2 76
1745504310996 354376.2 77
1745504321022 354376.2 78
1745504331141 346230.9 79
1745504341172 346230.9 80
1745504351200 354529.9 81
1745504361296 344259.2 82
1745504371342 354479.7 83
1745504381373 354479.7 84
1745504391471 354479.7 85
1745504401500 354479.7 86
1745504412183 344077.3 87
1745504422301 344077.3 88
1745504432372 344077.7 89
1745504442412 344077.7 90
1745504452504 354308.7 91
1745504463166 354308.7 92
1745504473229 354656.5 93
1745504483339 344371.5 94
1745504493376 354596.5 95
1745504504172 354596.5 96
1745504514253 354596.5 97
1745504524286 354596.5 98
1745504534320 354596.5 99
1745504545765 354596.5 100
1745504555851 343919.2 101
1745504565877 343919.2 102
1745504575930 343919.2 103
1745504587887 343771.5 104
1745504597946 343771.8 105
1745504608018 354100.6 106
1745504618095 354100.6 107
1745504628327 354100.6 108
1745504638378 354818.5 109
1745504648470 354807.8 110
1745504658540 354807.8 111
1745504669827 354852.2 112
1745504679991 354852.2 113
1745504690040 354852.2 114
1745504701081 354852.2 115
1745504711152 354852.2 116
1745504722066 344655.3 117
1745504732136 344655.3 118
1745504742167 344451.4 119
1745504752292 344451.5 120
1745504762328 354663.5 121
1745504773455 355026.1 122
1745504783541 355026.1 123
1745504793576 355026.1 124
1745504803628 355026.1 125
1745504813896 355026.1 126
1745504823918 355026.1 127
1745504833956 355026.1 128
1745504844060 355026.1 129
1745504854516 355026.1 130
1745504864571 344772.2 131
1745504874668 344665.9 132
1745504884729 344665.9 133
1745504896003 344666.7 134
1745504906055 344666.7 135
1745504916175 354990.8 136
1745504926204 355051.3 137
1745504936719 355051.3 138
1745504946814 344809.1 139
1745504956870 355043.6 140
1745504966915 345749.6 141
1745504977016 345749.6 142
1745504987044 345749.6 143
1745504997078 345749.6 144
1745505009849 345749.6 145
1745505019883 345749.6 146
1745505029903 344593.7 147
1745505040018 344593.7 148
1745505050967 344594.0 149
1745505061025 344505.6 150
1745505071106 354730.5 151
1745505081204 354730.5 152
1745505091554 354730.5 153
1745505101614 354730.5 154
1745505111718 354730.5 155
1745505121747 354730.5 156
1745505132615 355187.0 157
1745505142730 344988.7 158
1745505152793 355208.5 159
1745505162839 355208.5 160
1745505172953 344948.7 161
1745505184293 344948.7 162
1745505194605 344807.9 163
1745505207613 344647.3 164
1745505217705 344647.6 165
1745505227756 354864.0 166
1745505237792 354864.0 167
1745505248418 354864.0 168
1745505258453 354864.0 169
1745505268509 354864.0 170
1745505278604 354864.0 171
1745505289009 354864.0 172
1745505299073 354864.0 173
1745505309180 344670.9 174
1745505319631 354893.8 175
1745505329687 344760.1 176
1745505339780 344263.7 177
1745505351449 344263.7 178
1745505361505 344181.8 179
1745505372579 344149.6 180
1745505382702 344106.0 181
1745505392776 354324.9 182
1745505402811 354324.9 183
1745505413696 354324.9 184
1745505423768 354324.9 185
1745505433808 354324.9 186
1745505443916 354324.9 187
1745505454615 354324.9 188
1745505464664 354324.9 189
1745505474778 344541.5 190
1745505484850 354758.2 191
1745505494915 344120.4 192
1745505506353 344120.4 193
1745505516417 344120.4 194
1745505526478 344032.8 195
1745505536595 354359.7 196
1745505547716 354359.7 197
1745505557772 354359.7 198
1745505567824 354359.7 199
1745505577929 354359.7 200
1745505588724 354359.7 201
1745505598793 354359.7 202
1745505608878 354359.7 203
1745505618920 355128.7 204
1745505628965 354984.7 205
1745505639082 344752.8 206
1745505650445 344146.3 207
1745505660914 344146.3 208
1745505671044 344146.3 209
1745505681100 344146.7 210
1745505691148 344146.7 211
1745505701252 354468.4 212
1745505711309 354468.4 213
1745505721378 354468.4 214
1745505732892 354468.4 215
1745505743003 354468.4 216
1745505753068 354468.4 217
1745505763093 354795.4 218
1745505773993 354795.4 219
1745505784020 354795.4 220
1745505794067 354795.4 221
1745505804162 354795.4 222
1745505815517 354795.4 223
1745505825550 344754.1 224
1745505835679 344754.1 225
1745505845736 344754.5 226
1745505855759 354977.5 227
1745505865859 354977.5 228
1745505876104 354977.5 229
1745505886148 354831.3 230
1745505896287 355236.0 231
1745505906334 355236.0 232
1745505917384 355236.0 233
1745505927495 355236.0 234
1745505937563 355236.0 235
1745505947614 355236.0 236
1745505959683 355157.1 237
1745505969788 344348.1 238
1745505979854 344348.1 239
1745505989922 344348.1 240
1745506002327 344132.2 241
1745506012357 344132.6 242
1745506022425 354348.3 243
1745506032529 354766.9 244
1745506043788 354766.9 245
1745506053816 354766.9 246
1745506063877 355354.6 247
1745506073977 355354.6 248
1745506084014 355354.6 249
1745506094040 355354.6 250
1745506104174 355354.6 251
1745506117193 355354.6 252
1745506127227 345006.9 253
1745506137373 344692.6 254
1745506147453 344692.6 255
1745506157483 344580.7 256
1745506169178 344581.1 257
1745506179279 344913.1 258
1745506189332 355145.3 259
1745506199372 355145.3 260
1745506209499 355145.3 261
1745506219537 355145.3 262
1745506229561 355145.3 263
1745506239694 355145.3 264
1745506249733 355145.3 265
1745506259782 355254.7 266
1745506269899 344987.8 267
1745506280061 355316.1 268
1745506290122 344857.0 269
1745506300232 344857.0 270
1745506310299 344857.0 271
1745506320384 344857.4 272
1745506330485 344857.4 273
1745506340535 355177.3 274
1745506350577 355177.3 275
1745506360681 355177.3 276
1745506370743 355177.3 277
1745506380789 355412.2 278
1745506390877 355412.2 279
1745506401251 355412.2 280
1745506411324 355412.2 281
1745506421427 345001.5 282
1745506432074 355227.4 283
1745506442147 345174.5 284
1745506452246 344875.8 285
1745506462306 344875.8 286
1745506472376 344875.8 287
1745506482519 344876.2 288
1745506492563 355187.0 289
1745506503875 355187.0 290
1745506513992 355187.0 291
1745506524100 355187.0 292
1745506534138 355187.0 293
1745506544161 355486.7 294
1745506554277 355548.1 295
1745506564295 355454.3 296
1745506574346 355454.3 297
1745506584434 355454.3 298
1745506595222 355454.3 299
1745506605307 355454.3 300
1745506615397 344943.6 301
1745506626823 344943.6 302
1745506636892 344943.6 303
