1745503524646 0.0 0
1745503534717 0.015478000000001657 1
1745503544742 0.09908599999999979 2
1745503554783 0.10258999999999929 3
1745503565455 0.10948600000000397 4
1745503575490 0.11003800000000297 5
1745503585527 0.11838800000000305 6
1745503595606 0.11961600000000061 7
1745503605982 0.12132000000000431 8
1745503616003 0.14011400000000407 9
1745503626088 0.1427800000000019 10
1745503636523 0.14367200000000224 11
1745503646566 0.2662200000000041 12
1745503658867 0.275342000000002 13
1745503671253 0.28426999999999936 14
1745503681282 0.2851230000000058 15
1745503691321 0.2872770000000031 16
1745503701408 0.30447800000000314 17
1745503711461 0.3159660000000031 18
1745503721482 0.317107 19
1745503731615 0.3219700000000003 20
1745503742785 0.32366000000000383 21
1745503752841 0.337017000000003 22
1745503762934 0.3396030000000039 23
1745503772975 0.35748000000000246 24
1745503783425 0.36354400000000453 25
1745503793513 0.3683160000000001 26
1745503803552 0.37328100000000575 27
1745503813598 0.3768890000000056 28
1745503823676 0.378575000000005 29
1745503833760 0.3813069999999996 30
1745503843787 0.3915720000000036 31
1745503854456 0.47475700000000387 32
1745503864557 0.48277800000000326 33
1745503874589 0.5076260000000019 34
1745503884637 0.5110300000000052 35
1745503894717 0.5356830000000059 36
1745503904751 0.5375230000000002 37
1745503914788 0.5388250000000028 38
1745503924873 0.5409199999999998 39
1745503934914 0.5416820000000016 40
1745503944944 0.5571160000000006 41
1745503955032 0.5582090000000051 42
1745503965104 0.5753219999999999 43
1745503975129 0.5824520000000035 44
1745503985250 0.584577000000003 45
1745503995284 0.5868390000000048 46
1745504005748 0.5935340000000053 47
1745504015839 0.6036130000000028 48
1745504025877 0.6065060000000031 49
1745504035916 0.6097740000000016 50
1745504045997 0.611187000000001 51
1745504056041 0.6263810000000021 52
1745504066076 0.6633190000000013 53
1745504077308 0.6657470000000032 54
1745504088249 0.6758039999999994 55
1745504098287 0.6772090000000048 56
1745504108877 0.6813470000000024 57
1745504118915 0.6950369999999992 58
1745504128961 0.6982680000000059 59
1745504139070 0.7128650000000007 60
1745504149327 0.7251460000000023 61
1745504159392 0.8144120000000044 62
1745504169427 0.8304280000000048 63
1745504179519 0.8402920000000051 64
1745504189566 0.841700000000003 65
1745504199599 0.8427750000000032 66
1745504209714 0.8449230000000014 67
1745504219755 0.8540810000000008 68
1745504229791 0.8552540000000022 69
1745504240021 0.8663370000000015 70
1745504250064 0.8692279999999997 71
1745504260118 0.8875260000000011 72
1745504270224 0.8897870000000054 73
1745504280278 0.8935850000000016 74
1745504290305 0.8963889999999992 75
1745504300386 0.9075109999999995 76
1745504310996 0.9090249999999997 77
1745504321022 0.9177050000000051 78
1745504331141 0.9241330000000048 79
1745504341172 0.9270110000000003 80
1745504351200 0.9279399999999995 81
1745504361296 0.9459100000000049 82
1745504371342 0.9480600000000052 83
1745504381373 0.9596380000000053 84
1745504391471 0.9617660000000043 85
1745504401500 0.9627529999999993 86
1745504412183 0.9708040000000011 87
1745504422301 0.9725430000000017 88
1745504432372 0.9750280000000018 89
1745504442412 0.9799080000000018 90
1745504452504 0.9914540000000045 91
1745504463166 1.0152479999999997 92
1745504473229 1.0982270000000014 93
1745504483339 1.0997760000000056 94
1745504493376 1.1008410000000026 95
1745504504172 1.108306000000006 96
1745504514253 1.2045640000000049 97
1745504524286 1.206353 98
1745504534320 1.207328000000004 99
1745504545765 1.2199530000000038 100
1745504555851 1.2260940000000033 101
1745504565877 1.2348560000000006 102
1745504575930 1.2362700000000046 103
1745504587887 1.2382589999999993 104
1745504597946 1.247919000000003 105
1745504608018 1.2606740000000016 106
1745504618095 1.2680089999999993 107
1745504628327 1.2788030000000035 108
1745504638378 1.283023 109
1745504648470 1.295607000000004 110
1745504658540 1.3147360000000035 111
1745504669827 1.3462080000000043 112
1745504679991 1.3495249999999999 113
1745504690040 1.3546320000000023 114
1745504701081 1.3810490000000044 115
1745504711152 1.3948960000000028 116
1745504722066 1.3973790000000008 117
1745504732136 1.4007280000000009 118
1745504742167 1.419659000000003 119
1745504752292 1.4337009999999992 120
1745504762328 1.4445230000000038 121
1745504773455 1.4656009999999995 122
1745504783541 1.5502719999999997 123
1745504793576 1.5521990000000017 124
1745504803628 1.5530360000000059 125
1745504813896 1.5539720000000017 126
1745504823918 1.569545000000005 127
1745504833956 1.5706340000000054 128
1745504844060 1.575164000000001 129
1745504854516 1.5763370000000023 130
1745504864571 1.590083 131
1745504874668 1.5911510000000035 132
1745504884729 1.5931410000000028 133
1745504896003 1.5943260000000024 134
1745504906055 1.607481 135
1745504916175 1.6082760000000036 136
1745504926204 1.624596000000004 137
1745504936719 1.6300910000000002 138
1745504946814 1.632121000000005 139
1745504956870 1.6398100000000042 140
1745504966915 1.6585200000000029 141
1745504977016 1.6598570000000024 142
1745504987044 1.667030000000004 143
1745504997078 1.6759000000000057 144
1745505009849 1.6769630000000006 145
1745505019883 1.70308 146
1745505029903 1.7155790000000053 147
1745505040018 1.7221990000000034 148
1745505050967 1.7992540000000048 149
1745505061025 1.8069790000000054 150
1745505071106 1.8085650000000015 151
1745505081204 1.836697000000001 152
1745505091554 1.920492000000003 153
1745505101614 1.9277890000000042 154
1745505111718 1.9302240000000026 155
1745505121747 1.936835000000002 156
1745505132615 1.9422040000000038 157
1745505142730 1.950607000000005 158
1745505152793 1.954295000000002 159
1745505162839 1.955325000000002 160
1745505172953 1.9562930000000023 161
1745505184293 1.9574970000000036 162
1745505194605 1.958323 163
1745505207613 1.959780000000002 164
1745505217705 1.982807000000001 165
1745505227756 2.002274 166
1745505237792 2.0239620000000045 167
1745505248418 2.027799999999999 168
1745505258453 2.0391540000000035 169
1745505268509 2.0918920000000014 170
1745505278604 2.1005770000000012 171
1745505289009 2.1019229999999993 172
1745505299073 2.1031150000000025 173
1745505309180 2.1048820000000035 174
1745505319631 2.1120170000000016 175
1745505329687 2.1154520000000048 176
1745505339780 2.116410000000002 177
1745505351449 2.122868000000004 178
1745505361505 2.129482000000003 179
1745505372579 2.1338500000000025 180
1745505382702 2.1483300000000014 181
1745505392776 2.1606840000000034 182
1745505402811 2.2469859999999997 183
1745505413696 2.2496810000000025 184
1745505423768 2.2615920000000003 185
1745505433808 2.2631490000000056 186
1745505443916 2.2695390000000017 187
1745505454615 2.270263 188
1745505464664 2.278535000000005 189
1745505474778 2.2792590000000033 190
1745505484850 2.2869190000000046 191
1745505494915 2.2875490000000056 192
1745505506353 2.2942190000000053 193
1745505516417 2.2989000000000033 194
1745505526478 2.311819 195
1745505536595 2.327128000000002 196
1745505547716 2.3288010000000057 197
1745505557772 2.3322670000000016 198
1745505567824 2.441013000000005 199
1745505577929 2.4429000000000016 200
1745505588724 2.4494340000000037 201
1745505598793 2.453880000000005 202
1745505608878 2.4549260000000004 203
1745505618920 2.457053000000002 204
1745505628965 2.462140000000005 205
1745505639082 2.463047000000003 206
1745505650445 2.464137000000001 207
1745505660914 2.471217000000003 208
1745505671044 2.4822660000000027 209
1745505681100 2.483072 210
1745505691148 2.4962390000000028 211
1745505701252 2.5062010000000043 212
1745505711309 2.594739000000004 213
1745505721378 2.598899000000003 214
1745505732892 2.610001000000004 215
1745505743003 2.6229550000000046 216
1745505753068 2.6259530000000026 217
1745505763093 2.6268400000000014 218
1745505773993 2.6279710000000023 219
1745505784020 2.6297350000000037 220
1745505794067 2.630557000000003 221
1745505804162 2.6474329999999995 222
1745505815517 2.650804000000001 223
1745505825550 2.6530370000000048 224
1745505835679 2.665460000000003 225
1745505845736 2.6681290000000004 226
1745505855759 2.672959000000006 227
1745505865859 2.6810230000000033 228
1745505876104 2.6963300000000032 229
1745505886148 2.709749000000002 230
1745505896287 2.711779 231
1745505906334 2.712801000000006 232
1745505917384 2.7146530000000055 233
1745505927495 2.7352970000000028 234
1745505937563 2.7361290000000054 235
1745505947614 2.7382710000000046 236
1745505959683 2.7440950000000015 237
1745505969788 2.777160000000002 238
1745505979854 2.7857490000000027 239
1745505989922 2.786616000000002 240
1745506002327 2.7873400000000004 241
1745506012357 2.798958000000006 242
1745506022425 2.8836020000000033 243
1745506032529 2.9035870000000017 244
1745506043788 2.9086130000000026 245
1745506053816 2.913888 246
1745506063877 2.9145010000000013 247
1745506073977 2.9215930000000014 248
1745506084014 2.922384000000001 249
1745506094040 2.9234830000000045 250
1745506104174 2.945600000000006 251
1745506117193 2.9505820000000043 252
1745506127227 2.960423000000006 253
1745506137373 2.9611830000000054 254
1745506147453 2.962109000000005 255
1745506157483 2.9634090000000057 256
1745506169178 2.9720670000000027 257
1745506179279 2.978658000000003 258
1745506189332 2.979362000000002 259
1745506199372 2.988379000000002 260
1745506209499 2.9946669999999997 261
1745506219537 3.0028150000000053 262
1745506229561 3.005455000000005 263
1745506239694 3.006300000000003 264
1745506249733 3.0074050000000057 265
1745506259782 3.008330000000001 266
1745506269899 3.0103600000000057 267
1745506280061 3.013387999999999 268
1745506290122 3.0138710000000017 269
1745506300232 3.014741000000001 270
1745506310299 3.0190839999999994 271
1745506320384 3.0425810000000055 272
1745506330485 3.1262380000000007 273
1745506340535 3.1351879999999994 274
1745506350577 3.141269000000001 275
1745506360681 3.1451260000000048 276
1745506370743 3.1543279999999996 277
1745506380789 3.156010000000002 278
1745506390877 3.1580470000000034 279
1745506401251 3.1733170000000044 280
1745506411324 3.181278000000006 281
1745506421427 3.1887690000000006 282
1745506432074 3.191682 283
1745506442147 3.2011560000000046 284
1745506452246 3.201920000000001 285
1745506462306 3.229232000000003 286
1745506472376 3.2433400000000034 287
1745506482519 3.2536720000000017 288
1745506492563 3.2566090000000045 289
1745506503875 3.261213000000005 290
1745506513992 3.2647680000000037 291
1745506524100 3.276226000000001 292
1745506534138 3.278404000000002 293
1745506544161 3.2790290000000013 294
1745506554277 3.300111000000001 295
1745506564295 3.300910000000002 296
1745506574346 3.310891000000005 297
1745506584434 3.3129690000000025 298
1745506595222 3.317976999999999 299
1745506605307 3.318804 300
1745506615397 3.319594000000002 301
1745506626823 3.322363000000003 302
1745506636892 3.4267380000000003 303
