1745503524646 0.0 0
1745503534717 0.007282999999999262 1
1745503544742 0.01915699999999987 2
1745503554783 0.02289599999999936 3
1745503565455 0.026379000000000374 4
1745503575490 0.027910000000000323 5
1745503585527 0.04302299999999981 6
1745503595606 0.04439400000000049 7
1745503605982 0.04607099999999953 8
1745503616003 0.05838600000000049 9
1745503626088 0.07413299999999978 10
1745503636523 0.07591500000000018 11
1745503646566 0.1077300000000001 12
1745503658867 0.12281699999999951 13
1745503671253 0.1332210000000007 14
1745503681282 0.13495299999999943 15
1745503691321 0.13693800000000067 16
1745503701408 0.1516459999999995 17
1745503711461 0.154007 18
1745503721482 0.15597299999999947 19
1745503731615 0.15787300000000037 20
1745503742785 0.17293199999999942 21
1745503752841 0.1897789999999997 22
1745503762934 0.19216800000000056 23
1745503772975 0.20413500000000084 24
1745503783425 0.20777 25
1745503793513 0.2095900000000004 26
1745503803552 0.21102199999999982 27
1745503813598 0.21255299999999977 28
1745503823676 0.21501699999999957 29
1745503833760 0.2176240000000007 30
1745503843787 0.21949599999999947 31
1745503854456 0.23135700000000092 32
1745503864557 0.2481460000000002 33
1745503874589 0.2498920000000009 34
1745503884637 0.25242199999999926 35
1745503894717 0.274324 36
1745503904751 0.2759260000000001 37
1745503914788 0.27779100000000057 38
1745503924873 0.2793340000000004 39
1745503934914 0.2809399999999993 40
1745503944944 0.2995789999999996 41
1745503955032 0.3021989999999999 42
1745503965104 0.303801 43
1745503975129 0.3056959999999993 44
1745503985250 0.3212250000000001 45
1745503995284 0.3224119999999999 46
1745504005748 0.33195699999999917 47
1745504015839 0.345383 48
1745504025877 0.34707000000000043 49
1745504035916 0.35051900000000025 50
1745504045997 0.3528640000000003 51
1745504056041 0.3640699999999999 52
1745504066076 0.3744790000000009 53
1745504077308 0.3772310000000001 54
1745504088249 0.3954299999999993 55
1745504098287 0.39794099999999943 56
1745504108877 0.41979899999999937 57
1745504118915 0.43260899999999936 58
1745504128961 0.43477799999999966 59
1745504139070 0.45203599999999966 60
1745504149327 0.45420900000000053 61
1745504159392 0.4656570000000002 62
1745504169427 0.4686160000000008 63
1745504179519 0.47903999999999947 64
1745504189566 0.48064199999999957 65
1745504199599 0.4825379999999999 66
1745504209714 0.4850999999999992 67
1745504219755 0.49599800000000016 68
1745504229791 0.5117259999999995 69
1745504240021 0.5164259999999992 70
1745504250064 0.5175429999999999 71
1745504260118 0.5237090000000002 72
1745504270224 0.5264109999999995 73
1745504280278 0.5280719999999999 74
1745504290305 0.5299049999999994 75
1745504300386 0.5468150000000005 76
1745504310996 0.5483460000000004 77
1745504321022 0.5503680000000006 78
1745504331141 0.5528589999999998 79
1745504341172 0.5545360000000006 80
1745504351200 0.5700800000000008 81
1745504361296 0.5792120000000001 82
1745504371342 0.5845769999999995 83
1745504381373 0.5964469999999995 84
1745504391471 0.5989839999999997 85
1745504401500 0.6008010000000006 86
1745504412183 0.6071430000000007 87
1745504422301 0.6091139999999999 88
1745504432372 0.6109369999999998 89
1745504442412 0.6126679999999993 90
1745504452504 0.6154510000000002 91
1745504463166 0.6275849999999998 92
1745504473229 0.6465499999999995 93
1745504483339 0.6487029999999994 94
1745504493376 0.6499349999999993 95
1745504504172 0.657019 96
1745504514253 0.6655770000000008 97
1745504524286 0.6677549999999997 98
1745504534320 0.6693280000000001 99
1745504545765 0.6735360000000004 100
1745504555851 0.6764060000000001 101
1745504565877 0.6906359999999996 102
1745504575930 0.6932539999999996 103
1745504587887 0.7090209999999999 104
1745504597946 0.7181990000000003 105
1745504608018 0.7324409999999997 106
1745504618095 0.7417789999999993 107
1745504628327 0.7504159999999995 108
1745504638378 0.7532040000000002 109
1745504648470 0.765174 110
1745504658540 0.7924609999999994 111
1745504669827 0.8189410000000006 112
1745504679991 0.8286899999999999 113
1745504690040 0.8368579999999994 114
1745504701081 0.8436610000000009 115
1745504711152 0.8701640000000008 116
1745504722066 0.8734230000000007 117
1745504732136 0.87894 118
1745504742167 0.900468 119
1745504752292 0.9117910000000009 120
1745504762328 0.9169640000000001 121
1745504773455 0.9191690000000001 122
1745504783541 0.9317460000000004 123
1745504793576 0.9336310000000001 124
1745504803628 0.9353180000000005 125
1745504813896 0.9371279999999995 126
1745504823918 0.9547880000000006 127
1745504833956 0.9704259999999998 128
1745504844060 0.9719949999999997 129
1745504854516 0.9739769999999996 130
1745504864571 0.9833079999999992 131
1745504874668 0.9851779999999994 132
1745504884729 0.9883419999999994 133
1745504896003 0.9899470000000008 134
1745504906055 0.9990179999999995 135
1745504916175 1.0026569999999992 136
1745504926204 1.0054230000000004 137
1745504936719 1.0072340000000004 138
1745504946814 1.0238110000000002 139
1745504956870 1.0301050000000007 140
1745504966915 1.0542250000000006 141
1745504977016 1.0563520000000004 142
1745504987044 1.0632739999999998 143
1745504997078 1.0758220000000005 144
1745505009849 1.0785789999999995 145
1745505019883 1.124295 146
1745505029903 1.1716429999999995 147
1745505040018 1.1789349999999992 148
1745505050967 1.1935870000000008 149
1745505061025 1.197127 150
1745505071106 1.2136370000000003 151
1745505081204 1.2303099999999993 152
1745505091554 1.241809 153
1745505101614 1.2476610000000008 154
1745505111718 1.2496279999999995 155
1745505121747 1.259855 156
1745505132615 1.2649299999999997 157
1745505142730 1.2731589999999997 158
1745505152793 1.2768890000000006 159
1745505162839 1.278505000000001 160
1745505172953 1.2803120000000003 161
1745505184293 1.282318 162
1745505194605 1.2984179999999999 163
1745505207613 1.3006930000000008 164
1745505217705 1.318384 165
1745505227756 1.3257250000000003 166
1745505237792 1.3428719999999998 167
1745505248418 1.3445509999999992 168
1745505258453 1.359401 169
1745505268509 1.3880239999999997 170
1745505278604 1.4047920000000005 171
1745505289009 1.4066550000000007 172
1745505299073 1.4087130000000005 173
1745505309180 1.4252450000000003 174
1745505319631 1.4327860000000001 175
1745505329687 1.4345540000000003 176
1745505339780 1.4364340000000002 177
1745505351449 1.4422669999999993 178
1745505361505 1.445513 179
1745505372579 1.4497649999999993 180
1745505382702 1.47161 181
1745505392776 1.4805410000000006 182
1745505402811 1.4920270000000002 183
1745505413696 1.4933119999999995 184
1745505423768 1.504638 185
1745505433808 1.5205900000000003 186
1745505443916 1.5311749999999993 187
1745505454615 1.5328789999999994 188
1745505464664 1.5411769999999994 189
1745505474778 1.5428259999999998 190
1745505484850 1.5502470000000006 191
1745505494915 1.5524880000000003 192
1745505506353 1.562811 193
1745505516417 1.5647870000000008 194
1745505526478 1.5871929999999992 195
1745505536595 1.610106 196
1745505547716 1.6121440000000007 197
1745505557772 1.6289259999999999 198
1745505567824 1.6430100000000003 199
1745505577929 1.6448149999999995 200
1745505588724 1.6521720000000002 201
1745505598793 1.6555060000000008 202
1745505608878 1.6573860000000007 203
1745505618920 1.6605629999999998 204
1745505628965 1.6621369999999995 205
1745505639082 1.6636550000000003 206
1745505650445 1.6655510000000007 207
1745505660914 1.6689520000000009 208
1745505671044 1.6845119999999998 209
1745505681100 1.6870890000000003 210
1745505691148 1.7062910000000002 211
1745505701252 1.7081199999999992 212
1745505711309 1.7255260000000003 213
1745505721378 1.7264660000000003 214
1745505732892 1.7341420000000003 215
1745505743003 1.7552439999999994 216
1745505753068 1.7605240000000002 217
1745505763093 1.7623499999999996 218
1745505773993 1.7643699999999995 219
1745505784020 1.766019 220
1745505794067 1.7815840000000005 221
1745505804162 1.825374 222
1745505815517 1.8321970000000007 223
1745505825550 1.8334340000000005 224
1745505835679 1.845237000000001 225
1745505845736 1.8473220000000001 226
1745505855759 1.8516030000000008 227
1745505865859 1.8599300000000003 228
1745505876104 1.8810059999999993 229
1745505886148 1.9059159999999995 230
1745505896287 1.9073469999999997 231
1745505906334 1.9094460000000009 232
1745505917384 1.9248440000000002 233
1745505927495 1.9426749999999995 234
1745505937563 1.9444210000000002 235
1745505947614 1.9464020000000009 236
1745505959683 1.9527920000000005 237
1745505969788 1.9567999999999994 238
1745505979854 1.9651530000000008 239
1745505989922 1.967625 240
1745506002327 1.9692740000000004 241
1745506012357 1.9717090000000006 242
1745506022425 1.9834569999999996 243
1745506032529 2.0081120000000006 244
1745506043788 2.0192820000000005 245
1745506053816 2.0236090000000004 246
1745506063877 2.0251660000000005 247
1745506073977 2.0310690000000005 248
1745506084014 2.032285 249
1745506094040 2.0338890000000003 250
1745506104174 2.0638970000000008 251
1745506117193 2.0697849999999995 252
1745506127227 2.0718630000000005 253
1745506137373 2.07367 254
1745506147453 2.075475000000001 255
1745506157483 2.091101 256
1745506169178 2.106292 257
1745506179279 2.1158590000000004 258
1745506189332 2.1177209999999995 259
1745506199372 2.1247310000000006 260
1745506209499 2.126099 261
1745506219537 2.132231000000001 262
1745506229561 2.133675 263
1745506239694 2.1361539999999994 264
1745506249733 2.1380599999999994 265
1745506259782 2.1400330000000007 266
1745506269899 2.1414030000000004 267
1745506280061 2.158816 268
1745506290122 2.1603309999999993 269
1745506300232 2.1629500000000004 270
1745506310299 2.164669999999999 271
1745506320384 2.1770320000000005 272
1745506330485 2.189019 273
1745506340535 2.199198000000001 274
1745506350577 2.208570999999999 275
1745506360681 2.2102950000000003 276
1745506370743 2.2277210000000007 277
1745506380789 2.2292939999999994 278
1745506390877 2.231357000000001 279
1745506401251 2.2606839999999995 280
1745506411324 2.2727489999999992 281
1745506421427 2.2803869999999993 282
1745506432074 2.2830429999999993 283
1745506442147 2.293221000000001 284
1745506452246 2.2950979999999994 285
1745506462306 2.3416440000000005 286
1745506472376 2.3759069999999998 287
1745506482519 2.3818800000000007 288
1745506492563 2.3875639999999994 289
1745506503875 2.3894149999999996 290
1745506513992 2.3936589999999995 291
1745506524100 2.418742999999999 292
1745506534138 2.420463 293
1745506544161 2.421982 294
1745506554277 2.441173000000001 295
1745506564295 2.4424349999999997 296
1745506574346 2.444127 297
1745506584434 2.4460949999999997 298
1745506595222 2.447744 299
1745506605307 2.4494190000000007 300
1745506615397 2.4518780000000007 301
1745506626823 2.4535350000000005 302
1745506636892 2.4885149999999996 303
