1745503524646 65.9 0
1745503534717 66.2 1
1745503544742 66.0 2
1745503554783 93.0 3
1745503565455 92.9 4
1745503575490 66.0 5
1745503585527 75.8 6
1745503595606 93.3 7
1745503605982 93.5 8
1745503616003 66.1 9
1745503626088 66.3 10
1745503636523 78.7 11
1745503646566 65.3 12
1745503658867 65.3 13
1745503671253 65.4 14
1745503681282 65.8 15
1745503691321 63.6 16
1745503701408 90.5 17
1745503711461 90.8 18
1745503721482 63.5 19
1745503731615 90.4 20
1745503742785 90.7 21
1745503752841 63.7 22
1745503762934 84.1 23
1745503772975 90.8 24
1745503783425 90.3 25
1745503793513 63.7 26
1745503803552 63.9 27
1745503813598 63.9 28
1745503823676 64.4 29
1745503833760 64.2 30
1745503843787 91.7 31
1745503854456 91.2 32
1745503864557 64.7 33
1745503874589 68.8 34
1745503884637 91.5 35
1745503894717 91.4 36
1745503904751 64.8 37
1745503914788 91.5 38
1745503924873 91.9 39
1745503934914 80.1 40
1745503944944 65.0 41
1745503955032 65.1 42
1745503965104 64.8 43
1745503975129 65.1 44
1745503985250 65.4 45
1745503995284 92.9 46
1745504005748 92.6 47
1745504015839 65.4 48
1745504025877 65.8 49
1745504035916 92.4 50
1745504045997 92.3 51
1745504056041 65.9 52
1745504066076 66.0 53
1745504077308 92.7 54
1745504088249 65.5 55
1745504098287 65.4 56
1745504108877 65.5 57
1745504118915 65.5 58
1745504128961 68.4 59
1745504139070 93.9 60
1745504149327 94.3 61
1745504159392 67.0 62
1745504169427 80.2 63
1745504179519 93.6 64
1745504189566 88.5 65
1745504199599 66.7 66
1745504209714 93.7 67
1745504219755 94.2 68
1745504229791 77.6 69
1745504240021 67.1 70
1745504250064 66.9 71
1745504260118 66.9 72
1745504270224 66.9 73
1745504280278 67.7 74
1745504290305 67.4 75
1745504300386 92.8 76
1745504310996 92.6 77
1745504321022 65.7 78
1745504331141 65.2 79
1745504341172 92.4 80
1745504351200 92.8 81
1745504361296 66.0 82
1745504371342 66.1 83
1745504381373 93.1 84
1745504391471 92.9 85
1745504401500 65.8 86
1745504412183 65.9 87
1745504422301 64.2 88
1745504432372 64.8 89
1745504442412 65.1 90
1745504452504 92.6 91
1745504463166 92.1 92
1745504473229 65.6 93
1745504483339 65.5 94
1745504493376 92.4 95
1745504504172 92.9 96
1745504514253 66.0 97
1745504524286 65.9 98
1745504534320 93.0 99
1745504545765 93.0 100
1745504555851 65.9 101
1745504565877 66.1 102
1745504575930 65.9 103
1745504587887 66.0 104
1745504597946 66.2 105
1745504608018 66.8 106
1745504618095 93.5 107
1745504628327 93.9 108
1745504638378 66.6 109
1745504648470 92.3 110
1745504658540 94.1 111
1745504669827 66.9 112
1745504679991 66.6 113
1745504690040 94.0 114
1745504701081 93.9 115
1745504711152 66.8 116
1745504722066 67.0 117
1745504732136 67.0 118
1745504742167 67.3 119
1745504752292 67.4 120
1745504762328 94.8 121
1745504773455 94.9 122
1745504783541 67.3 123
1745504793576 67.2 124
1745504803628 94.2 125
1745504813896 94.8 126
1745504823918 67.7 127
1745504833956 90.2 128
1745504844060 95.0 129
1745504854516 94.6 130
1745504864571 67.5 131
1745504874668 67.7 132
1745504884729 67.6 133
1745504896003 67.5 134
1745504906055 68.1 135
1745504916175 68.2 136
1745504926204 93.8 137
1745504936719 94.1 138
1745504946814 66.8 139
1745504956870 84.0 140
1745504966915 94.3 141
1745504977016 93.9 142
1745504987044 66.9 143
1745504997078 67.1 144
1745505009849 94.1 145
1745505019883 67.1 146
1745505029903 68.1 147
1745505040018 68.1 148
1745505050967 67.9 149
1745505061025 68.4 150
1745505071106 68.0 151
1745505081204 95.1 152
1745505091554 95.8 153
1745505101614 68.5 154
1745505111718 66.6 155
1745505121747 94.4 156
1745505132615 94.0 157
1745505142730 66.7 158
1745505152793 67.7 159
1745505162839 93.9 160
1745505172953 66.7 161
1745505184293 66.9 162
1745505194605 66.9 163
1745505207613 66.9 164
1745505217705 68.7 165
1745505227756 65.4 166
1745505237792 92.5 167
1745505248418 92.3 168
1745505258453 65.1 169
1745505268509 78.5 170
1745505278604 93.1 171
1745505289009 92.9 172
1745505299073 66.2 173
1745505309180 66.3 174
1745505319631 93.9 175
1745505329687 64.3 176
1745505339780 64.5 177
1745505351449 64.5 178
1745505361505 64.4 179
1745505372579 65.4 180
1745505382702 65.4 181
1745505392776 65.4 182
1745505402811 92.2 183
1745505413696 92.5 184
1745505423768 65.9 185
1745505433808 65.9 186
1745505443916 92.5 187
1745505454615 92.7 188
1745505464664 65.6 189
1745505474778 65.6 190
1745505484850 78.5 191
1745505494915 65.7 192
1745505506353 65.7 193
1745505516417 65.6 194
1745505526478 68.3 195
1745505536595 93.6 196
1745505547716 93.7 197
1745505557772 66.7 198
1745505567824 66.7 199
1745505577929 93.7 200
1745505588724 94.1 201
1745505598793 66.8 202
1745505608878 68.5 203
1745505618920 93.9 204
1745505628965 93.9 205
1745505639082 66.8 206
1745505650445 66.6 207
1745505660914 66.6 208
1745505671044 66.7 209
1745505681100 67.1 210
1745505691148 67.6 211
1745505701252 67.2 212
1745505711309 94.5 213
1745505721378 94.7 214
1745505732892 67.6 215
1745505743003 67.6 216
1745505753068 94.4 217
1745505763093 94.9 218
1745505773993 94.5 219
1745505784020 67.3 220
1745505794067 67.3 221
1745505804162 80.7 222
1745505815517 67.3 223
1745505825550 67.4 224
1745505835679 67.5 225
1745505845736 70.1 226
1745505855759 93.2 227
1745505865859 92.6 228
1745505876104 89.2 229
1745505886148 65.9 230
1745505896287 68.3 231
1745505906334 92.8 232
1745505917384 93.0 233
1745505927495 66.3 234
1745505937563 66.3 235
1745505947614 93.1 236
1745505959683 93.9 237
1745505969788 66.7 238
1745505979854 66.8 239
1745505989922 66.6 240
1745506002327 66.8 241
1745506012357 66.9 242
1745506022425 67.1 243
1745506032529 94.0 244
1745506043788 94.0 245
1745506053816 66.9 246
1745506063877 66.9 247
1745506073977 94.2 248
1745506084014 94.4 249
1745506094040 67.1 250
1745506104174 67.1 251
1745506117193 95.4 252
1745506127227 67.8 253
1745506137373 68.0 254
1745506147453 67.9 255
1745506157483 67.7 256
1745506169178 68.5 257
1745506179279 65.4 258
1745506189332 64.9 259
1745506199372 92.2 260
1745506209499 92.2 261
1745506219537 71.8 262
1745506229561 63.4 263
1745506239694 69.7 264
1745506249733 90.7 265
1745506259782 69.2 266
1745506269899 63.6 267
1745506280061 77.2 268
1745506290122 63.6 269
1745506300232 63.6 270
1745506310299 63.7 271
1745506320384 64.3 272
1745506330485 64.9 273
1745506340535 88.3 274
1745506350577 92.5 275
1745506360681 92.3 276
1745506370743 64.8 277
1745506380789 74.2 278
1745506390877 92.4 279
1745506401251 92.7 280
1745506411324 65.2 281
1745506421427 65.1 282
1745506432074 92.6 283
1745506442147 64.9 284
1745506452246 65.2 285
1745506462306 65.2 286
1745506472376 65.4 287
1745506482519 68.2 288
1745506492563 93.9 289
1745506503875 94.4 290
1745506513992 67.1 291
1745506524100 66.9 292
1745506534138 94.1 293
1745506544161 94.3 294
1745506554277 70.9 295
1745506564295 67.1 296
1745506574346 88.0 297
1745506584434 94.2 298
1745506595222 68.1 299
1745506605307 66.7 300
1745506615397 66.8 301
1745506626823 66.9 302
1745506636892 67.0 303
