1745503524646 11111.2 0
1745503534717 11158.8 1
1745503544742 11136.4 2
1745503554783 15688.8 3
1745503565455 15673.9 4
1745503575490 11134.3 5
1745503585527 12785.2 6
1745503595606 15739.1 7
1745503605982 15774.4 8
1745503616003 11156.8 9
1745503626088 11176.6 10
1745503636523 13279.4 11
1745503646566 11013.4 12
1745503658867 11021.6 13
1745503671253 11036.4 14
1745503681282 11104.4 15
1745503691321 10734.5 16
1745503701408 15264.3 17
1745503711461 15310.3 18
1745503721482 10714.9 19
1745503731615 15239.7 20
1745503742785 15290.5 21
1745503752841 10746.8 22
1745503762934 14180.8 23
1745503772975 15308.8 24
1745503783425 15232.7 25
1745503793513 10742.2 26
1745503803552 10770.4 27
1745503813598 10772.5 28
1745503823676 10861.1 29
1745503833760 10826.0 30
1745503843787 15463.4 31
1745503854456 15382.3 32
1745503864557 10910.1 33
1745503874589 11606.3 34
1745503884637 15435.7 35
1745503894717 15414.4 36
1745503904751 10937.2 37
1745503914788 15425.6 38
1745503924873 15497.5 39
1745503934914 13516.5 40
1745503944944 10971.4 41
1745503955032 10979.1 42
1745503965104 10928.0 43
1745503975129 10986.7 44
1745503985250 11024.2 45
1745503995284 15664.3 46
1745504005748 15612.2 47
1745504015839 11038.6 48
1745504025877 11093.7 49
1745504035916 15588.6 50
1745504045997 15576.4 51
1745504056041 11114.9 52
1745504066076 11124.2 53
1745504077308 15630.1 54
1745504088249 11054.3 55
1745504098287 11026.6 56
1745504108877 11040.0 57
1745504118915 11052.0 58
1745504128961 11531.1 59
1745504139070 15830.2 60
1745504149327 15911.1 61
1745504159392 11292.4 62
1745504169427 13525.0 63
1745504179519 15792.3 64
1745504189566 14920.9 65
1745504199599 11248.5 66
1745504209714 15797.5 67
1745504219755 15891.3 68
1745504229791 13094.0 69
1745504240021 11319.2 70
1745504250064 11282.5 71
1745504260118 11287.2 72
1745504270224 11281.1 73
1745504280278 11411.6 74
1745504290305 11364.0 75
1745504300386 15659.8 76
1745504310996 15616.3 77
1745504321022 11082.8 78
1745504331141 11005.0 79
1745504341172 15589.2 80
1745504351200 15647.3 81
1745504361296 11124.3 82
1745504371342 11142.4 83
1745504381373 15705.3 84
1745504391471 15664.8 85
1745504401500 11096.9 86
1745504412183 11121.3 87
1745504422301 10826.5 88
1745504432372 10930.8 89
1745504442412 10980.8 90
1745504452504 15618.1 91
1745504463166 15528.8 92
1745504473229 11063.6 93
1745504483339 11053.3 94
1745504493376 15593.2 95
1745504504172 15666.5 96
1745504514253 11128.3 97
1745504524286 11109.7 98
1745504534320 15689.7 99
1745504545765 15689.9 100
1745504555851 11117.2 101
1745504565877 11149.0 102
1745504575930 11109.1 103
1745504587887 11131.8 104
1745504597946 11165.6 105
1745504608018 11266.2 106
1745504618095 15775.5 107
1745504628327 15831.6 108
1745504638378 11237.2 109
1745504648470 15560.9 110
1745504658540 15870.1 111
1745504669827 11279.9 112
1745504679991 11237.7 113
1745504690040 15862.1 114
1745504701081 15830.2 115
1745504711152 11267.8 116
1745504722066 11295.3 117
1745504732136 11295.1 118
1745504742167 11343.8 119
1745504752292 11375.7 120
1745504762328 15991.9 121
1745504773455 16004.5 122
1745504783541 11348.6 123
1745504793576 11339.3 124
1745504803628 15896.4 125
1745504813896 15989.7 126
1745504823918 11415.1 127
1745504833956 15221.4 128
1745504844060 16027.1 129
1745504854516 15950.0 130
1745504864571 11391.8 131
1745504874668 11414.1 132
1745504884729 11408.8 133
1745504896003 11384.0 134
1745504906055 11491.0 135
1745504916175 11509.1 136
1745504926204 15814.3 137
1745504936719 15868.9 138
1745504946814 11262.6 139
1745504956870 14171.4 140
1745504966915 15912.8 141
1745504977016 15840.7 142
1745504987044 11277.4 143
1745504997078 11320.8 144
1745505009849 15873.6 145
1745505019883 11322.9 146
1745505029903 11487.2 147
1745505040018 11493.3 148
1745505050967 11457.8 149
1745505061025 11530.6 150
1745505071106 11476.0 151
1745505081204 16036.5 152
1745505091554 16160.5 153
1745505101614 11550.2 154
1745505111718 11239.3 155
1745505121747 15926.3 156
1745505132615 15856.6 157
1745505142730 11251.5 158
1745505152793 11425.0 159
1745505162839 15843.9 160
1745505172953 11246.0 161
1745505184293 11277.5 162
1745505194605 11289.1 163
1745505207613 11283.3 164
1745505217705 11584.1 165
1745505227756 11024.0 166
1745505237792 15599.8 167
1745505248418 15565.5 168
1745505258453 10975.0 169
1745505268509 13234.3 170
1745505278604 15707.1 171
1745505289009 15668.1 172
1745505299073 11164.8 173
1745505309180 11190.8 174
1745505319631 15836.2 175
1745505329687 10837.4 176
1745505339780 10886.2 177
1745505351449 10886.3 178
1745505361505 10860.0 179
1745505372579 11030.8 180
1745505382702 11024.2 181
1745505392776 11035.5 182
1745505402811 15550.5 183
1745505413696 15609.9 184
1745505423768 11117.8 185
1745505433808 11115.4 186
1745505443916 15607.2 187
1745505454615 15627.4 188
1745505464664 11064.9 189
1745505474778 11061.9 190
1745505484850 13244.1 191
1745505494915 11074.0 192
1745505506353 11085.8 193
1745505516417 11062.8 194
1745505526478 11517.9 195
1745505536595 15781.7 196
1745505547716 15807.2 197
1745505557772 11243.8 198
1745505567824 11244.7 199
1745505577929 15796.8 200
1745505588724 15863.8 201
1745505598793 11264.7 202
1745505608878 11559.5 203
1745505618920 15838.3 204
1745505628965 15831.4 205
1745505639082 11265.7 206
1745505650445 11235.7 207
1745505660914 11235.2 208
1745505671044 11252.4 209
1745505681100 11314.3 210
1745505691148 11394.3 211
1745505701252 11334.7 212
1745505711309 15931.8 213
1745505721378 15972.3 214
1745505732892 11396.6 215
1745505743003 11406.7 216
1745505753068 15919.1 217
1745505763093 16009.9 218
1745505773993 15933.3 219
1745505784020 11358.2 220
1745505794067 11358.5 221
1745505804162 13607.2 222
1745505815517 11354.7 223
1745505825550 11364.8 224
1745505835679 11378.7 225
1745505845736 11822.9 226
1745505855759 15717.3 227
1745505865859 15621.0 228
1745505876104 15042.5 229
1745505886148 11120.9 230
1745505896287 11517.8 231
1745505906334 15647.8 232
1745505917384 15680.3 233
1745505927495 11187.8 234
1745505937563 11175.6 235
1745505947614 15705.1 236
1745505959683 15836.5 237
1745505969788 11256.4 238
1745505979854 11258.9 239
1745505989922 11241.7 240
1745506002327 11267.2 241
1745506012357 11289.3 242
1745506022425 11325.8 243
1745506032529 15860.3 244
1745506043788 15858.6 245
1745506053816 11283.4 246
1745506063877 11282.9 247
1745506073977 15890.1 248
1745506084014 15919.8 249
1745506094040 11322.4 250
1745506104174 11321.6 251
1745506117193 16088.8 252
1745506127227 11434.5 253
1745506137373 11474.0 254
1745506147453 11444.3 255
1745506157483 11424.5 256
1745506169178 11559.7 257
1745506179279 11033.3 258
1745506189332 10953.3 259
1745506199372 15555.1 260
1745506209499 15554.3 261
1745506219537 12112.6 262
1745506229561 10692.0 263
1745506239694 11757.6 264
1745506249733 15300.6 265
1745506259782 11680.0 266
1745506269899 10724.4 267
1745506280061 13029.5 268
1745506290122 10724.6 269
1745506300232 10732.2 270
1745506310299 10736.0 271
1745506320384 10841.2 272
1745506330485 10940.2 273
1745506340535 14898.5 274
1745506350577 15594.2 275
1745506360681 15570.4 276
1745506370743 10926.8 277
1745506380789 12507.1 278
1745506390877 15585.4 279
1745506401251 15635.9 280
1745506411324 10989.6 281
1745506421427 10980.9 282
1745506432074 15615.9 283
1745506442147 10954.5 284
1745506452246 11000.1 285
1745506462306 11002.8 286
1745506472376 11030.1 287
1745506482519 11498.3 288
1745506492563 15845.3 289
1745506503875 15926.9 290
1745506513992 11321.0 291
1745506524100 11288.1 292
1745506534138 15878.7 293
1745506544161 15911.5 294
1745506554277 11959.2 295
1745506564295 11310.8 296
1745506574346 14838.1 297
1745506584434 15884.2 298
1745506595222 11480.2 299
1745506605307 11254.4 300
1745506615397 11271.1 301
1745506626823 11284.8 302
1745506636892 11295.3 303
