1745498227147 0.0 0
1745498237244 33.7 1
1745498247270 23.2 2
1745498257325 19.8 3
1745498267448 19.1 4
1745498277482 11.5 5
1745498287524 14.5 6
1745498297754 15.7 7
1745498307848 11.4 8
1745498317937 12.9 9
1745498328012 17.5 10
1745498338099 20.1 11
1745498348141 11.1 12
1745498358227 11.0 13
1745498368315 10.3 14
1745498378421 12.7 15
1745498388506 9.1 16
1745498398600 12.8 17
1745498408743 16.8 18
1745498418812 24.4 19
1745498428861 20.3 20
1745498438947 19.6 21
1745498448987 17.1 22
1745498459103 32.2 23
1745498469148 13.5 24
1745498479170 12.2 25
1745498489203 19.3 26
1745498499285 10.1 27
1745498509313 13.1 28
1745498519343 11.2 29
1745498529467 13.3 30
1745498539496 11.3 31
1745498549724 9.9 32
1745498559973 14.4 33
1745498570133 25.0 34
1745498580176 13.3 35
1745498590264 11.6 36
1745498600302 14.3 37
1745498610339 9.3 38
1745498620481 13.1 39
1745498630530 9.9 40
1745498640550 13.0 41
1745498650892 10.9 42
1745498660938 12.1 43
1745498670967 14.9 44
1745498681062 24.1 45
1745498691100 12.2 46
1745498701137 11.9 47
1745498711286 12.8 48
1745498721323 10.0 49
1745498731358 14.9 50
1745498741603 10.9 51
1745498751631 9.6 52
1745498761773 12.4 53
1745498771898 9.6 54
1745498781944 12.4 55
1745498791981 23.3 56
1745498802115 14.1 57
1745498812245 13.0 58
1745498822267 12.2 59
1745498832524 13.5 60
1745498842551 10.3 61
1745498852595 14.6 62
1745498862667 9.5 63
1745498872697 12.0 64
1745498882732 9.5 65
1745498892825 12.1 66
1745498902860 25.0 67
1745498912900 14.9 68
1745498923042 13.8 69
1745498933076 11.4 70
1745498943108 13.3 71
1745498953210 14.2 72
1745498963255 10.2 73
1745498973296 13.7 74
1745498983374 9.0 75
1745498993408 7.0 76
1745499003454 13.2 77
1745499013559 11.6 78
1745499023586 17.6 79
1745499033616 20.6 80
1745499043718 12.8 81
1745499053746 13.4 82
1745499063786 10.9 83
1745499073913 15.3 84
1745499083933 10.6 85
1745499093980 14.7 86
1745499104084 11.6 87
1745499114117 14.3 88
1745499124150 11.0 89
1745499134203 18.3 90
1745499144333 19.8 91
1745499154352 11.8 92
1745499164389 13.9 93
1745499174468 12.0 94
1745499184507 12.7 95
1745499194538 10.8 96
1745499204668 13.1 97
1745499214704 13.2 98
1745499224737 12.4 99
1745499234861 11.0 100
1745499244898 15.3 101
1745499254948 22.3 102
1745499265046 12.8 103
1745499275084 10.6 104
1745499285116 14.0 105
1745499295235 11.4 106
1745499305255 13.6 107
1745499315291 9.8 108
1745499325395 13.5 109
1745499335428 9.4 110
1745499345471 13.0 111
1745499355549 12.9 112
1745499365578 22.5 113
1745499375625 15.5 114
1745499385717 11.9 115
1745499395769 12.9 116
1745499405805 12.5 117
1745499415913 10.6 118
1745499425954 12.0 119
1745499435986 11.4 120
1745499446366 12.1 121
1745499456458 10.1 122
1745499466884 13.0 123
1745499477561 22.6 124
1745499487587 13.3 125
1745499497631 11.6 126
1745499507739 6.4 127
1745499517765 13.2 128
1745499527800 10.5 129
1745499537884 14.7 130
1745499547915 9.6 131
1745499557956 14.1 132
1745499568095 9.3 133
1745499578122 13.0 134
1745499588252 14.9 135
1745499598411 22.7 136
1745499608456 11.7 137
1745499618510 11.2 138
1745499628639 13.7 139
1745499638698 11.0 140
1745499648744 13.8 141
1745499658859 11.7 142
1745499668902 12.4 143
1745499678949 11.7 144
1745499689063 12.1 145
1745499699104 12.1 146
1745499709163 22.4 147
1745499719243 14.0 148
1745499729302 13.1 149
1745499739356 11.2 150
1745499749460 14.7 151
1745499759502 10.3 152
1745499769556 14.2 153
1745499779647 11.0 154
1745499789681 13.5 155
1745499799723 9.7 156
1745499810141 12.8 157
1745499820185 19.2 158
1745499830224 16.9 159
1745499840328 11.5 160
1745499850359 13.4 161
1745499860403 10.3 162
1745499870514 14.3 163
1745499880556 6.4 164
1745499890600 9.9 165
1745499900725 13.1 166
1745499910810 11.8 167
1745499920871 12.8 168
1745499930913 10.8 169
1745499941178 16.6 170
1745499951281 20.0 171
1745499961326 11.8 172
1745499971421 10.4 173
1745499981494 13.8 174
1745499991547 9.7 175
1745500001636 13.4 176
1745500011684 9.5 177
1745500021705 14.5 178
1745500031801 10.6 179
1745500041838 13.5 180
1745500051879 12.8 181
1745500062005 20.4 182
1745500072050 13.4 183
1745500082099 13.9 184
1745500092185 11.8 185
1745500102257 13.8 186
1745500112630 10.6 187
1745500122750 10.0 188
1745500132800 12.3 189
1745500142840 10.1 190
1745500152943 13.2 191
1745500162981 8.8 192
1745500173016 16.6 193
1745500183102 21.7 194
1745500193151 11.2 195
1745500203202 11.4 196
1745500213309 13.7 197
1745500223353 9.4 198
1745500233407 14.0 199
1745500243508 9.4 200
1745500253561 12.5 201
1745500263613 10.0 202
1745500273934 12.9 203
1745500283989 10.0 204
1745500294047 22.2 205
1745500304160 14.2 206
1745500314207 11.7 207
1745500324427 11.9 208
1745500334561 10.9 209
1745500344622 12.8 210
1745500354667 9.2 211
1745500364763 13.5 212
1745500374804 8.8 213
1745500384852 13.5 214
1745500394963 9.8 215
1745500404998 15.3 216
1745500415112 20.2 217
1745500425218 11.6 218
1745500435726 12.9 219
1745500445795 11.0 220
1745500456426 12.9 221
1745500466479 9.8 222
1745500477142 12.5 223
1745500487199 9.7 224
1745500497677 12.1 225
1745500508422 9.9 226
1745500518474 11.9 227
1745500528567 21.2 228
1745500538607 14.4 229
1745500548647 13.6 230
1745500558800 15.6 231
1745500568837 13.4 232
1745500578888 12.8 233
1745500589084 15.9 234
1745500599373 10.5 235
1745500609412 12.1 236
1745500619519 16.1 237
1745500629546 11.0 238
1745500640372 11.8 239
1745500650467 11.7 240
1745500660516 20.7 241
1745500670557 23.8 242
1745500680680 23.0 243
1745500690718 13.3 244
1745500700769 17.2 245
1745500711304 11.4 246
1745500721353 10.7 247
1745500731393 15.4 248
1745500741479 10.8 249
1745500751536 14.6 250
1745500761573 12.1 251
1745500771667 10.6 252
1745500781714 13.3 253
1745500791943 13.1 254
1745500802054 11.3 255
1745500812095 25.2 256
1745500822116 23.5 257
1745500832672 16.4 258
1745500842794 11.4 259
1745500852834 15.8 260
1745500862883 11.5 261
1745500873017 15.2 262
1745500883056 12.0 263
1745500893106 12.1 264
1745500903267 14.9 265
1745500913320 10.1 266
1745500923370 12.0 267
1745500933475 15.1 268
1745500943911 14.1 269
1745500953957 22.2 270
1745500964899 24.8 271
1745500974929 12.6 272
1745500984985 16.1 273
1745500995071 12.1 274
1745501005114 17.6 275
1745501015161 13.0 276
1745501025274 10.4 277
1745501035321 14.4 278
1745501045345 12.2 279
1745501055475 11.1 280
1745501065524 13.7 281
1745501075563 13.1 282
1745501085659 15.0 283
1745501095699 21.8 284
1745501105734 21.3 285
1745501116379 16.2 286
1745501126426 11.8 287
1745501136461 15.6 288
1745501146649 10.6 289
1745501156691 11.4 290
1745501166715 15.2 291
1745501176833 9.9 292
1745501186860 12.0 293
1745501196917 14.8 294
1745501207023 10.1 295
1745501217067 13.1 296
1745501227110 12.7 297
1745501237828 23.1 298
1745501247849 22.2 299
1745501257900 16.8 300
1745501268033 13.5 301
1745501278068 14.6 302
1745501288109 11.8 303
1745501298235 11.1 304
1745501308271 14.1 305
1745501318307 10.3 306
1745501328407 11.6 307
1745501338455 14.3 308
1745501349029 10.2 309
1745501359071 11.3 310
1745501369353 13.4 311
1745501379406 20.2 312
1745501389430 23.4 313
1745501399617 20.8 314
1745501409666 11.8 315
1745501419702 12.5 316
1745501429843 17.7 317
1745501439886 11.9 318
1745501449927 13.2 319
1745501460096 15.8 320
1745501470137 11.3 321
1745501480162 10.6 322
1745501490284 14.5 323
1745501500333 11.8 324
1745501510376 10.3 325
1745501520802 18.7 326
1745501531232 20.0 327
1745501541270 20.2 328
1745501551382 17.4 329
1745501561435 15.7 330
1745501571479 13.2 331
1745501581577 10.1 332
1745501591614 13.1 333
1745501601646 13.4 334
1745501612409 10.1 335
1745501622447 10.8 336
1745501632494 14.5 337
1745501642748 10.0 338
1745501652786 11.2 339
1745501663130 13.2 340
1745501673221 19.9 341
1745501683253 22.7 342
1745501693310 19.9 343
1745501703423 13.1 344
1745501713467 12.1 345
1745501723507 14.5 346
1745501733594 11.4 347
1745501743647 10.4 348
1745501753692 16.2 349
1745501763790 14.3 350
1745501773831 11.3 351
1745501783877 13.4 352
1745501793993 14.1 353
1745501804051 11.2 354
1745501814905 18.0 355
1745501825305 21.0 356
1745501837148 22.2 357
1745501847196 13.9 358
1745501857237 16.0 359
1745501867332 10.8 360
1745501877371 12.5 361
1745501887407 14.2 362
1745501897495 10.3 363
1745501907548 11.4 364
1745501917583 14.1 365
1745501927680 10.2 366
1745501937732 12.4 367
1745501947780 12.8 368
1745501957895 14.3 369
1745501967952 21.4 370
1745501977973 20.1 371
1745501988079 16.1 372
1745501998099 11.3 373
1745502008154 14.9 374
1745502018262 12.1 375
1745502028303 10.2 376
1745502038342 13.4 377
1745502048433 12.9 378
1745502058478 9.6 379
1745502068523 14.7 380
1745502078705 12.7 381
1745502088942 10.4 382
1745502098995 11.4 383
1745502109086 20.9 384
1745502119131 21.2 385
1745502129294 21.4 386
1745502139474 12.6 387
1745502149507 14.4 388
1745502159542 10.9 389
1745502169629 12.6 390
1745502179678 13.3 391
1745502189723 10.5 392
1745502199843 11.4 393
1745502209895 14.2 394
1745502219917 11.3 395
1745502230021 10.6 396
1745502240051 13.8 397
1745502250109 11.3 398
1745502260247 19.2 399
1745502270377 21.1 400
1745502280444 20.2 401
1745502290555 11.5 402
1745502300602 12.7 403
1745502310651 11.7 404
1745502320738 12.6 405
1745502330952 17.5 406
1745502341688 10.8 407
1745502351741 11.6 408
1745502361938 15.8 409
1745502371984 10.7 410
1745502382029 11.6 411
1745502392990 15.0 412
1745502403511 11.2 413
1745502414062 22.4 414
1745502424160 22.1 415
1745502434212 16.5 416
1745502444615 15.0 417
1745502454728 13.3 418
1745502464767 14.4 419
1745502474804 10.3 420
1745502484923 11.4 421
1745502494965 13.7 422
1745502505003 11.9 423
1745502515091 10.1 424
1745502525145 11.4 425
1745502535184 14.5 426
1745502546259 11.5 427
1745502557037 14.4 428
1745502567920 21.6 429
1745502577957 20.1 430
1745502588470 17.0 431
1745502598515 21.8 432
1745502608553 25.4 433
1745502618647 16.6 434
1745502628704 11.0 435
1745502638743 13.0 436
1745502648885 15.4 437
1745502658932 13.4 438
1745502668973 11.5 439
1745502679079 14.1 440
1745502689117 15.3 441
1745502699511 14.0 442
1745502709633 12.8 443
1745502720098 25.3 444
1745502730149 21.0 445
1745502740247 23.1 446
1745502750292 7.9 447
1745502760332 11.8 448
1745502770419 12.5 449
1745502780467 10.3 450
1745502790542 11.7 451
1745502800652 15.3 452
1745502810708 10.5 453
1745502820772 10.6 454
1745502830887 14.1 455
1745502840929 11.9 456
1745502851856 10.7 457
1745502861931 11.0 458
1745502872038 10.9 459
1745502882089 21.7 460
1745502892184 18.8 461
1745502903267 21.3 462
1745502913334 11.6 463
1745502923371 16.7 464
1745502933907 10.0 465
1745502943961 11.3 466
1745502954021 17.2 467
1745502964130 10.9 468
1745502974179 11.2 469
1745502984216 14.0 470
1745502994359 11.9 471
1745503005060 9.4 472
1745503015118 11.2 473
1745503025263 10.9 474
1745503035315 22.0 475
1745503045369 19.5 476
1745503056230 21.0 477
1745503066295 11.9 478
1745503076351 16.2 479
1745503086846 10.5 480
1745503096892 11.6 481
1745503106953 14.8 482
1745503117055 10.4 483
1745503127099 10.5 484
1745503137142 13.6 485
1745503147273 11.6 486
1745503157521 10.3 487
1745503168471 11.6 488
1745503178510 10.7 489
1745503188624 22.7 490
1745503198661 20.5 491
1745503209275 20.2 492
1745503219410 12.0 493
1745503229498 14.9 494
1745503240477 10.4 495
1745503250592 11.0 496
1745503260644 14.4 497
1745503270730 10.9 498
1745503280865 11.3 499
1745503290933 14.1 500
1745503301013 13.0 501
1745503311981 10.1 502
1745503322090 10.9 503
1745503332155 11.1 504
1745503342274 22.8 505
1745503352336 20.5 506
1745503363228 18.9 507
1745503373272 13.0 508
1745503383389 15.3 509
1745503393784 10.0 510
1745503403865 11.8 511
1745503413985 15.2 512
1745503425104 10.3 513
1745503435149 10.4 514
1745503445267 15.1 515
1745503455322 10.9 516
1745503465356 12.5 517
1745503475463 15.8 518
1745503485514 11.0 519
1745503495568 21.1 520
1745503505676 20.8 521
1745503516815 20.1 522
1745503526864 13.3 523
1745503536965 16.5 524
1745503547012 10.6 525
1745503557129 11.9 526
1745503567235 12.4 527
1745503577275 15.6 528
1745503587326 11.5 529
1745503597704 10.8 530
1745503607752 11.0 531
1745503617808 16.0 532
1745503630174 12.2 533
1745503640266 10.4 534
1745503650334 22.5 535
1745503660382 23.8 536
1745503671296 20.3 537
1745503681330 10.8 538
1745503691368 19.1 539
1745503701471 10.9 540
1745503711515 10.6 541
1745503721561 13.0 542
1745503731678 13.3 543
1745503742785 9.3 544
1745503752841 11.3 545
1745503762965 14.5 546
1745503773008 10.0 547
1745503783425 12.0 548
1745503793550 10.7 549
1745503803615 22.3 550
1745503813663 19.9 551
1745503823723 20.5 552
1745503833871 11.8 553
1745503843912 12.5 554
1745503854456 10.4 555
1745503864557 11.9 556
1745503874620 14.9 557
1745503884669 10.8 558
1745503894796 10.4 559
1745503904846 11.9 560
1745503914883 14.3 561
1745503924969 10.6 562
1745503935009 10.9 563
1745503945054 13.9 564
1745503955154 19.8 565
1745503965190 18.8 566
1745503975225 19.4 567
1745503985346 12.9 568
1745503995395 11.2 569
1745504005748 10.4 570
1745504015902 11.5 571
1745504025940 14.9 572
1745504035980 11.0 573
1745504046091 10.4 574
1745504056136 11.9 575
1745504066188 14.4 576
1745504077388 10.6 577
1745504088249 10.7 578
1745504098335 14.6 579
1745504108903 22.0 580
1745504118945 18.7 581
1745504128993 17.5 582
1745504139096 13.1 583
1745504149327 10.2 584
1745504159395 11.4 585
1745504169459 15.0 586
1745504179566 10.2 587
1745504189603 10.9 588
1745504199647 11.5 589
1745504209778 14.9 590
1745504219819 10.4 591
1745504229870 10.6 592
1745504240045 13.8 593
1745504250112 11.2 594
1745504260150 19.7 595
1745504270260 20.3 596
1745504280310 16.6 597
1745504290369 12.9 598
1745504300483 13.8 599
1745504310996 10.3 600
1745504321069 11.3 601
1745504331173 15.4 602
1745504341232 10.1 603
1745504351280 11.3 604
1745504361383 14.8 605
1745504371439 13.0 606
1745504381484 10.7 607
1745504391599 11.7 608
1745504401643 11.2 609
1745504412183 22.1 610
1745504422273 19.7 611
1745504432309 19.1 612
1745504442354 12.9 613
1745504452473 11.9 614
1745504463182 10.8 615
1745504473244 13.6 616
1745504483387 15.3 617
1745504493445 11.4 618
1745504504172 11.2 619
1745504514291 11.9 620
1745504524334 14.3 621
1745504534368 11.6 622
1745504545765 10.7 623
1745504555896 10.6 624
1745504565940 21.3 625
1745504576003 18.7 626
1745504587887 17.0 627
1745504597962 11.6 628
1745504608018 15.7 629
1745504618126 10.7 630
1745504628294 10.2 631
1745504638347 11.5 632
1745504648454 15.1 633
1745504658508 10.3 634
1745504668569 11.4 635
1745504678679 13.9 636
1745504688743 11.6 637
1745504701065 11.0 638
1745504711136 10.3 639
1745504722091 21.7 640
1745504732136 18.2 641
1745504742215 19.4 642
1745504752324 13.1 643
1745504762376 12.0 644
1745504773455 10.1 645
1745504783566 11.1 646
1745504793623 14.6 647
1745504803675 10.6 648
1745504813932 10.4 649
1745504823966 11.3 650
1745504834004 14.9 651
1745504844098 10.3 652
1745504854516 10.6 653
1745504864571 10.9 654
1745504874698 21.9 655
1745504884766 19.1 656
1745504895987 18.1 657
1745504906045 13.1 658
1745504916191 15.9 659
1745504926235 11.0 660
1745504936735 10.6 661
1745504946845 11.6 662
1745504956902 14.7 663
1745504966947 10.8 664
1745504977059 10.3 665
1745504987107 11.1 666
1745504997158 14.0 667
1745505009872 10.8 668
1745505019920 10.1 669
1745505029967 23.3 670
1745505040081 19.2 671
1745505050967 18.5 672
1745505061040 10.6 673
1745505071122 15.9 674
1745505081219 10.4 675
1745505091554 11.1 676
1745505101628 11.5 677
1745505111757 16.1 678
1745505121795 11.6 679
1745505132615 10.4 680
1745505142730 11.3 681
1745505152777 14.1 682
1745505162855 10.3 683
1745505172984 10.2 684
1745505184293 17.6 685
1745505194589 18.0 686
1745505207613 17.5 687
1745505217736 14.9 688
1745505227788 16.3 689
1745505237830 10.9 690
1745505248445 11.0 691
1745505258501 10.9 692
1745505268541 16.2 693
1745505278634 10.6 694
1745505289009 10.5 695
1745505299073 11.3 696
1745505309194 14.9 697
1745505319631 10.7 698
1745505329718 12.5 699
1745505339843 18.1 700
1745505350088 19.0 701
1745505361501 15.3 702
1745505372579 16.1 703
1745505382702 11.5 704
1745505392776 14.0 705
1745505402854 11.1 706
1745505413698 10.6 707
1745505423768 11.6 708
1745505433839 15.2 709
1745505443948 11.4 710
1745505454615 10.3 711
1745505464680 10.7 712
1745505474789 15.4 713
1745505484850 9.7 714
1745505494915 15.8 715
1745505506385 19.6 716
1745505516453 17.0 717
1745505526509 16.5 718
1745505536626 12.9 719
1745505547700 10.0 720
1745505557772 11.1 721
1745505567809 14.8 722
1745505577926 10.8 723
1745505588724 9.9 724
1745505598798 10.8 725
1745505608909 15.0 726
1745505618968 10.4 727
1745505629011 10.7 728
1745505639146 11.6 729
1745505650445 14.0 730
1745505660914 17.4 731
1745505671012 17.9 732
1745505681089 19.4 733
1745505691148 9.9 734
1745505701252 15.8 735
1745505711309 11.5 736
1745505721378 9.7 737
1745505732892 12.3 738
1745505743003 13.7 739
1745505753068 11.1 740
1745505763140 10.0 741
1745505774009 10.8 742
1745505784068 10.8 743
1745505794114 15.0 744
1745505804225 10.2 745
1745505815517 14.8 746
1745505825598 17.3 747
1745505835711 20.5 748
1745505845760 14.7 749
1745505855807 13.1 750
1745505865923 12.9 751
1745505876120 11.0 752
1745505886192 11.6 753
1745505896319 14.9 754
1745505906365 10.5 755
1745505917384 10.6 756
1745505927479 11.7 757
1745505937531 13.2 758
1745505947599 11.5 759
1745505959683 11.0 760
1745505969795 10.8 761
1745505979854 20.9 762
1745505989922 19.9 763
1745506002327 17.8 764
1745506012405 11.0 765
1745506022457 14.9 766
1745506032576 11.6 767
1745506043788 9.8 768
1745506053863 11.0 769
1745506063908 14.6 770
1745506074016 10.7 771
1745506084071 10.3 772
1745506094103 11.7 773
1745506104237 14.4 774
1745506117209 11.4 775
1745506127274 9.7 776
1745506137388 20.1 777
1745506147455 20.5 778
1745506157538 15.3 779
1745506169178 14.9 780
1745506179294 12.6 781
1745506189364 15.7 782
1745506199419 10.9 783
1745506209523 11.7 784
1745506219578 11.7 785
1745506229624 13.7 786
1745506239746 13.4 787
1745506249784 10.2 788
1745506259836 11.8 789
1745506269962 13.6 790
1745506280061 12.4 791
1745506290122 11.4 792
1745506300264 20.0 793
1745506310299 20.0 794
1745506320384 17.3 795
1745506330485 10.9 796
1745506340567 13.6 797
1745506350622 10.2 798
1745506360728 11.1 799
1745506370777 11.3 800
1745506380821 14.7 801
1745506390931 10.4 802
1745506401251 10.5 803
1745506411324 11.0 804
1745506421461 14.2 805
1745506432074 10.6 806
1745506442142 10.5 807
1745506452246 15.9 808
1745506462306 19.9 809
1745506472376 18.5 810
1745506482494 15.9 811
1745506492563 12.3 812
1745506503875 14.0 813
1745506514008 11.3 814
1745506524116 15.5 815
1745506534170 11.1 816
1745506544224 10.7 817
1745506554326 11.5 818
1745506564375 13.0 819
1745506574434 13.0 820
1745506586128 9.7 821
1745506596164 10.7 822
1745506606201 13.7 823
1745506616305 18.6 824
1745506626792 18.5 825
1745506636892 14.0 826
1745506646997 15.7 827
1745506657474 14.0 828
1745506667522 13.6 829
1745506677655 15.0 830
1745506687714 12.1 831
1745506697761 10.4 832
1745506708559 11.1 833
1745506718602 10.9 834
1745506728673 14.5 835
1745506738831 12.1 836
1745506748876 10.4 837
1745506759170 12.2 838
1745506769294 11.4 839
1745506779338 14.8 840
1745506792469 13.4 841
1745506803147 10.5 842
1745506813944 20.4 843
1745506824001 19.9 844
1745506836877 17.6 845
1745506846918 11.4 846
1745506857035 17.8 847
1745506867106 11.1 848
1745506878202 10.5 849
1745506888329 10.9 850
1745506898389 13.9 851
1745506908435 11.5 852
1745506918558 9.8 853
1745506928851 11.0 854
1745506938914 11.5 855
1745506949066 14.0 856
1745506959109 10.3 857
1745506970490 10.1 858
1745506980563 10.8 859
1745506990679 12.8 860
1745507000798 12.6 861
1745507011777 18.4 862
1745507021902 18.0 863
1745507031962 15.7 864
1745507042028 13.5 865
1745507052129 11.5 866
1745507062373 10.3 867
1745507072439 11.2 868
1745507082561 14.6 869
1745507092629 11.0 870
1745507104089 10.1 871
1745507114216 11.6 872
1745507124260 14.0 873
1745507134301 11.5 874
1745507144417 9.9 875
1745507154480 12.1 876
