1745498227147 210454.5 0
1745498237244 208700.2 1
1745498247270 200630.7 2
1745498257325 205817.6 3
1745498267448 205817.6 4
1745498277482 205817.6 5
1745498287524 205817.1 6
1745498297754 205817.1 7
1745498307848 200384.9 8
1745498317937 200384.9 9
1745498328012 200384.9 10
1745498338099 209244.5 11
1745498348141 209204.5 12
1745498358227 201025.2 13
1745498368315 199083.7 14
1745498378421 199083.7 15
1745498388506 199083.7 16
1745498398600 199083.7 17
1745498408743 206217.3 18
1745498418812 200183.2 19
1745498428861 200183.2 20
1745498438947 199720.7 21
1745498448987 199720.7 22
1745498459103 208564.2 23
1745498469148 200599.3 24
1745498479170 200599.3 25
1745498489203 200599.3 26
1745498499285 200599.3 27
1745498509313 200599.3 28
1745498519343 200599.3 29
1745498529467 207826.5 30
1745498539496 199656.6 31
1745498549724 199656.6 32
1745498559973 208620.6 33
1745498570133 208804.8 34
1745498580176 200723.4 35
1745498590264 200723.4 36
1745498600302 200723.4 37
1745498610339 200723.4 38
1745498620481 200723.4 39
1745498630530 200723.4 40
1745498640550 200723.4 41
1745498650892 200723.4 42
1745498660938 200723.4 43
1745498670967 200723.4 44
1745498681062 208810.6 45
1745498691100 208810.5 46
1745498701137 200631.5 47
1745498711286 200631.5 48
1745498721323 200631.5 49
1745498731358 200009.2 50
1745498741603 200009.2 51
1745498751631 200009.2 52
1745498761773 200009.2 53
1745498771898 200009.2 54
1745498781944 200009.2 55
1745498791981 208674.5 56
1745498802115 208674.1 57
1745498812245 200507.4 58
1745498822267 200507.4 59
1745498832524 199650.1 60
1745498842551 199650.1 61
1745498852595 205663.8 62
1745498862667 205663.8 63
1745498872697 205663.8 64
1745498882732 205663.8 65
1745498892825 205663.8 66
1745498902860 205663.8 67
1745498912900 208537.3 68
1745498923042 200400.4 69
1745498933076 200400.4 70
1745498943108 200400.4 71
1745498953210 199895.6 72
1745498963255 199895.6 73
1745498973296 205871.0 74
1745498983374 205871.0 75
1745498993408 205871.0 76
1745499003454 199548.5 77
1745499013559 198542.8 78
1745499023586 198542.8 79
1745499033616 208542.5 80
1745499043718 200407.4 81
1745499053746 200407.4 82
1745499063786 200407.4 83
1745499073913 200407.4 84
1745499083933 200407.4 85
1745499093980 200407.4 86
1745499104084 199900.7 87
1745499114117 199900.7 88
1745499124150 199900.7 89
1745499134203 208506.1 90
1745499144333 208505.6 91
1745499154352 200339.0 92
1745499164389 200339.0 93
1745499174468 200339.0 94
1745499184507 200339.0 95
1745499194538 200339.0 96
1745499204668 200339.0 97
1745499214704 199665.1 98
1745499224737 199665.1 99
1745499234861 199217.5 100
1745499244898 199217.5 101
1745499254948 208023.2 102
1745499265046 200057.7 103
1745499275084 200057.7 104
1745499285116 200057.7 105
1745499295235 200057.7 106
1745499305255 200057.7 107
1745499315291 199600.0 108
1745499325395 199600.0 109
1745499335428 199600.0 110
1745499345471 199600.0 111
1745499355549 208224.9 112
1745499365578 208224.5 113
1745499375625 208224.5 114
1745499385717 200155.1 115
1745499395769 200155.1 116
1745499405805 200155.1 117
1745499415913 207286.9 118
1745499425954 199213.1 119
1745499435986 205219.7 120
1745499446366 205219.7 121
1745499456458 205219.7 122
1745499466884 206639.3 123
1745499477561 207924.5 124
1745499487587 207924.1 125
1745499497631 199862.2 126
1745499507739 199862.2 127
1745499517765 199862.2 128
1745499527800 199862.2 129
1745499537884 199288.3 130
1745499547915 199288.3 131
1745499557956 199288.3 132
1745499568095 199288.3 133
1745499578122 199287.8 134
1745499588252 199287.8 135
1745499598411 208183.5 136
1745499608456 208183.5 137
1745499618510 200064.1 138
1745499628639 200064.1 139
1745499638698 200064.1 140
1745499648744 199507.9 141
1745499658859 199507.9 142
1745499668902 199507.9 143
1745499678949 199507.9 144
1745499689063 199507.9 145
1745499699104 199507.9 146
1745499709163 208002.6 147
1745499719243 208002.1 148
1745499729302 199836.4 149
1745499739356 199836.4 150
1745499749460 199836.4 151
1745499759502 199836.4 152
1745499769556 199268.0 153
1745499779647 205225.1 154
1745499789681 205225.1 155
1745499799723 205225.1 156
1745499810141 205225.1 157
1745499820185 205225.1 158
1745499830224 207631.9 159
1745499840328 199636.5 160
1745499850359 199636.5 161
1745499860403 199636.5 162
1745499870514 199636.5 163
1745499880556 199636.5 164
1745499890600 199636.5 165
1745499900725 199636.5 166
1745499910810 199636.5 167
1745499920871 199636.5 168
1745499930913 198292.8 169
1745499941178 198292.8 170
1745499951281 207185.2 171
1745499961326 207330.2 172
1745499971421 199260.6 173
1745499981494 199260.6 174
1745499991547 198953.7 175
1745500001636 204916.6 176
1745500011684 204916.6 177
1745500021705 204916.6 178
1745500031801 204916.6 179
1745500041838 204916.6 180
1745500051879 206183.1 181
1745500062005 207361.5 182
1745500072050 207361.0 183
1745500082099 199199.2 184
1745500092185 199199.2 185
1745500102257 199199.2 186
1745500112630 199199.2 187
1745500122750 199199.2 188
1745500132800 199199.2 189
1745500142840 198661.6 190
1745500152943 204734.8 191
1745500162981 204734.8 192
1745500173016 206213.6 193
1745500183102 207044.2 194
1745500193151 198879.9 195
1745500203202 198879.9 196
1745500213309 198504.1 197
1745500223353 198504.1 198
1745500233407 198504.1 199
1745500243508 198504.1 200
1745500253561 198504.1 201
1745500263613 198504.1 202
1745500273934 198504.1 203
1745500283989 198504.1 204
1745500294047 206902.5 205
1745500304160 206902.0 206
1745500314207 198924.4 207
1745500324427 198924.4 208
1745500334561 198924.4 209
1745500344622 198609.2 210
1745500354667 198609.2 211
1745500364763 198185.9 212
1745500374804 198185.9 213
1745500384852 198185.9 214
1745500394963 198185.9 215
1745500404998 198185.9 216
1745500415112 206804.1 217
1745500425218 206972.2 218
1745500435726 198908.0 219
1745500445795 198908.0 220
1745500456426 198500.8 221
1745500466479 198500.8 222
1745500477142 204460.3 223
1745500487199 204460.3 224
1745500497677 204460.3 225
1745500508422 204460.3 226
1745500518474 206131.1 227
1745500528567 206920.0 228
1745500538607 206919.4 229
1745500548647 198915.3 230
1745500558800 206435.5 231
1745500568837 198350.0 232
1745500578888 198416.6 233
1745500589084 206493.7 234
1745500599373 198310.9 235
1745500609412 198016.1 236
1745500619519 197957.5 237
1745500629546 197957.5 238
1745500640372 197732.2 239
1745500650467 205846.3 240
1745500660516 205846.3 241
1745500670557 206532.9 242
1745500680680 206532.9 243
1745500690718 206494.8 244
1745500700769 198413.6 245
1745500711304 198413.6 246
1745500721353 198413.6 247
1745500731393 198413.6 248
1745500741479 198413.6 249
1745500751536 198413.6 250
1745500761573 198413.6 251
1745500771667 198413.6 252
1745500781714 198413.6 253
1745500791943 198413.6 254
1745500802054 206478.1 255
1745500812095 206478.1 256
1745500822116 206611.0 257
1745500832672 206610.5 258
1745500842794 198428.1 259
1745500852834 198105.7 260
1745500862883 198105.2 261
1745500873017 198105.2 262
1745500883056 198105.2 263
1745500893106 198105.2 264
1745500903267 198105.2 265
1745500913320 198105.2 266
1745500923370 198105.2 267
1745500933475 198105.2 268
1745500943911 198105.2 269
1745500953957 206535.8 270
1745500964899 207012.3 271
1745500974929 207011.8 272
1745500984985 198849.9 273
1745500995071 198849.9 274
1745501005114 198849.9 275
1745501015161 198849.9 276
1745501025274 198849.9 277
1745501035321 206354.9 278
1745501045345 198271.7 279
1745501055475 198271.7 280
1745501065524 198271.7 281
1745501075563 197983.9 282
1745501085659 206370.8 283
1745501095699 206370.8 284
1745501105734 206370.8 285
1745501116379 206370.3 286
1745501126426 198190.1 287
1745501136461 198190.1 288
1745501146649 198190.1 289
1745501156691 198190.1 290
1745501166715 197581.4 291
1745501176833 197581.4 292
1745501186860 197581.4 293
1745501196917 197581.4 294
1745501207023 197581.4 295
1745501217067 197581.4 296
1745501227110 197581.4 297
1745501237828 206341.8 298
1745501247849 206341.8 299
1745501257900 206487.7 300
1745501268033 198425.7 301
1745501278068 205797.9 302
1745501288109 197733.6 303
1745501298235 197733.6 304
1745501308271 197733.6 305
1745501318307 197733.6 306
1745501328407 197742.8 307
1745501338455 197742.8 308
1745501349029 197742.8 309
1745501359071 197742.8 310
1745501369353 205710.2 311
1745501379406 205901.8 312
1745501389430 206131.9 313
1745501399617 206131.4 314
1745501409666 198053.8 315
1745501419702 198053.8 316
1745501429843 198053.8 317
1745501439886 198053.8 318
1745501449927 198053.8 319
1745501460096 198053.8 320
1745501470137 198053.8 321
1745501480162 197824.8 322
1745501490284 205884.2 323
1745501500333 197808.5 324
1745501510376 197812.4 325
1745501520802 206114.0 326
1745501531232 206114.0 327
1745501541270 206114.0 328
1745501551382 206113.5 329
1745501561435 198042.1 330
1745501571479 198042.1 331
1745501581577 198042.1 332
1745501591614 198042.1 333
1745501601646 198042.1 334
1745501612409 197370.3 335
1745501622447 197370.3 336
1745501632494 197370.3 337
1745501642748 197370.3 338
1745501652786 197370.3 339
1745501663130 197370.3 340
1745501673221 205956.2 341
1745501683253 205956.2 342
1745501693310 205955.6 343
1745501703423 197876.1 344
1745501713467 197876.1 345
1745501723507 197436.7 346
1745501733594 197418.5 347
1745501743647 197418.5 348
1745501753692 197505.0 349
1745501763790 197591.7 350
1745501773831 197591.7 351
1745501783877 197651.1 352
1745501793993 197651.1 353
1745501804051 197651.1 354
1745501814905 197651.1 355
1745501825305 205894.2 356
1745501837148 206050.1 357
1745501847196 206049.5 358
1745501857237 197968.2 359
1745501867332 197968.2 360
1745501877371 197968.2 361
1745501887407 197968.2 362
1745501897495 197968.2 363
1745501907548 197968.2 364
1745501917583 197968.2 365
1745501927680 197968.2 366
1745501937732 197968.2 367
1745501947780 197968.2 368
1745501957895 205505.6 369
1745501967952 205505.6 370
1745501977973 205505.6 371
1745501988079 205505.1 372
1745501998099 197544.1 373
1745502008154 197544.1 374
1745502018262 197137.3 375
1745502028303 197137.3 376
1745502038342 197145.5 377
1745502048433 197350.2 378
1745502058478 197350.2 379
1745502068523 197353.2 380
1745502078705 197338.4 381
1745502088942 197338.4 382
1745502098995 197411.0 383
1745502109086 205796.4 384
1745502119131 205796.4 385
1745502129294 205795.9 386
1745502139474 205795.9 387
1745502149507 197728.1 388
1745502159542 197728.1 389
1745502169629 197728.1 390
1745502179678 197728.1 391
1745502189723 197728.1 392
1745502199843 197727.6 393
1745502209895 197727.6 394
1745502219917 197727.6 395
1745502230021 197727.6 396
1745502240051 197727.6 397
1745502250109 197727.6 398
1745502260247 205508.7 399
1745502270377 205508.7 400
1745502280444 205508.2 401
1745502290555 205508.1 402
1745502300602 197428.8 403
1745502310651 197428.8 404
1745502320738 197428.8 405
1745502330952 194464.7 406
1745502341688 194464.7 407
1745502351741 194464.7 408
1745502361938 194464.7 409
1745502371984 194464.7 410
1745502382029 194464.7 411
1745502392990 194464.7 412
1745502403511 194464.7 413
1745502414062 205236.0 414
1745502424160 205406.3 415
1745502434212 205405.8 416
1745502444615 197330.2 417
1745502454728 197330.2 418
1745502464767 197330.2 419
1745502474804 197330.2 420
1745502484923 197330.2 421
1745502494965 197330.2 422
1745502505003 197330.2 423
1745502515091 197330.2 424
1745502525145 197330.2 425
1745502535184 197330.2 426
1745502546259 197089.0 427
1745502557037 205130.3 428
1745502567920 205366.3 429
1745502577957 205366.3 430
1745502588470 205365.8 431
1745502598515 197284.9 432
1745502608553 197284.9 433
1745502618647 197284.9 434
1745502628704 197284.9 435
1745502638743 197284.9 436
1745502648885 205221.6 437
1745502658932 197144.3 438
1745502668973 197144.3 439
1745502679079 197144.3 440
1745502689117 197144.3 441
1745502699511 197144.3 442
1745502709633 205530.3 443
1745502720098 205530.3 444
1745502730149 205530.3 445
1745502740247 205631.0 446
1745502750292 205631.0 447
1745502760332 205631.0 448
1745502770419 194570.7 449
1745502780467 194535.7 450
1745502790542 194536.5 451
1745502800652 194536.5 452
1745502810708 194536.5 453
1745502820772 194536.5 454
1745502830887 194536.5 455
1745502840929 194536.5 456
1745502851856 194536.5 457
1745502861931 194536.5 458
1745502872038 194536.5 459
1745502882089 205312.3 460
1745502892184 205312.3 461
1745502903267 205429.9 462
1745502913334 205429.3 463
1745502923371 197354.7 464
1745502933907 197354.7 465
1745502943961 197354.7 466
1745502954021 197354.7 467
1745502964130 197354.7 468
1745502974179 197354.7 469
1745502984216 197354.7 470
1745502994359 197354.7 471
1745503005060 197354.7 472
1745503015118 194664.1 473
1745503025263 204872.4 474
1745503035315 205085.5 475
1745503045369 205085.5 476
1745503056230 205085.5 477
1745503066295 205085.0 478
1745503076351 194033.2 479
1745503086846 194033.2 480
1745503096892 194033.2 481
1745503106953 194033.2 482
1745503117055 194475.4 483
1745503127099 194475.4 484
1745503137142 194642.1 485
1745503147273 194480.0 486
1745503157521 194480.0 487
1745503168471 194480.0 488
1745503178510 194480.0 489
1745503188624 204721.4 490
1745503198661 204721.4 491
1745503209275 204972.9 492
1745503219410 204972.8 493
1745503229498 196798.6 494
1745503240477 193850.9 495
1745503250592 193850.9 496
1745503260644 193850.9 497
1745503270730 193850.9 498
1745503280865 193850.9 499
1745503290933 193850.9 500
1745503301013 193850.9 501
1745503311981 193850.9 502
1745503322090 193850.9 503
1745503332155 193850.9 504
1745503342274 205132.3 505
1745503352336 205132.3 506
1745503363228 205131.9 507
1745503373272 205131.8 508
1745503383389 196966.1 509
1745503393784 196966.1 510
1745503403865 196966.1 511
1745503413985 196966.1 512
1745503425104 196966.1 513
1745503435149 204693.8 514
1745503445267 204742.7 515
1745503455322 194509.6 516
1745503465356 194379.4 517
1745503475463 204773.5 518
1745503485514 194455.9 519
1745503495568 205017.1 520
1745503505676 205017.1 521
1745503516815 205016.6 522
1745503526864 204988.7 523
1745503536965 194363.6 524
1745503547012 194363.6 525
1745503557129 194363.6 526
1745503567235 194137.9 527
1745503577275 194137.9 528
1745503587326 194137.9 529
1745503597704 194137.9 530
1745503607752 194137.9 531
1745503617808 194122.2 532
1745503630174 194254.4 533
1745503640266 204635.5 534
1745503650334 204635.5 535
1745503660382 204780.7 536
1745503671296 205098.4 537
1745503681330 205058.3 538
1745503691368 196879.7 539
1745503701471 196879.7 540
1745503711515 196879.7 541
1745503721561 196879.7 542
1745503731678 193780.9 543
1745503742785 193780.9 544
1745503752841 194020.8 545
1745503762965 194020.8 546
1745503773008 194020.8 547
1745503783425 194020.8 548
1745503793550 194020.8 549
1745503803615 204234.2 550
1745503813663 204631.7 551
1745503823723 204944.2 552
1745503833871 204944.2 553
1745503843912 196760.5 554
1745503854456 196760.5 555
1745503864557 204286.2 556
1745503874620 194068.6 557
1745503884669 193853.5 558
1745503894796 193853.5 559
1745503904846 193853.5 560
1745503914883 193853.5 561
1745503924969 193785.4 562
1745503935009 193785.4 563
1745503945054 193785.4 564
1745503955154 204218.9 565
1745503965190 204218.9 566
1745503975225 204465.6 567
1745503985346 204465.6 568
1745503995395 194152.4 569
1745504005748 193977.7 570
1745504015902 203667.1 571
1745504025940 193434.9 572
1745504035980 193434.9 573
1745504046091 193434.9 574
1745504056136 193434.9 575
1745504066188 193434.9 576
1745504077388 193434.9 577
1745504088249 193434.9 578
1745504098335 204163.9 579
1745504108903 204163.9 580
1745504118945 204163.9 581
1745504128993 204163.6 582
1745504139096 193831.8 583
1745504149327 193831.8 584
1745504159395 193440.7 585
1745504169459 193440.7 586
1745504179566 193440.7 587
1745504189603 193440.7 588
1745504199647 193440.7 589
1745504209778 193522.1 590
1745504219819 193522.1 591
1745504229870 193522.1 592
1745504240045 202828.8 593
1745504250112 202828.8 594
1745504260150 204208.6 595
1745504270260 204208.6 596
1745504280310 204208.3 597
1745504290369 204208.3 598
1745504300483 193982.9 599
1745504310996 193982.9 600
1745504321069 193982.9 601
1745504331173 202128.2 602
1745504341232 202128.2 603
1745504351280 193829.2 604
1745504361383 204099.9 605
1745504371439 193879.4 606
1745504381484 193879.4 607
1745504391599 193879.4 608
1745504401643 193879.4 609
1745504412183 204281.8 610
1745504422273 204281.8 611
1745504432309 204281.4 612
1745504442354 204281.4 613
1745504452473 194050.4 614
1745504463182 194050.4 615
1745504473244 193702.7 616
1745504483387 203987.6 617
1745504493445 193762.6 618
1745504504172 193762.6 619
1745504514291 193762.6 620
1745504524334 193762.6 621
1745504534368 193762.6 622
1745504545765 193762.6 623
1745504555896 204439.9 624
1745504565940 204439.9 625
1745504576003 204439.9 626
1745504587887 204587.7 627
1745504597962 204587.3 628
1745504608018 194258.5 629
1745504618126 194258.5 630
1745504628294 194258.5 631
1745504638347 193540.6 632
1745504648454 193551.3 633
1745504658508 193551.3 634
1745504668569 193506.9 635
1745504678679 193506.9 636
1745504688743 193506.9 637
1745504701065 193506.9 638
1745504711136 193506.9 639
1745504722091 203703.8 640
1745504732136 203703.8 641
1745504742215 203907.7 642
1745504752324 203907.7 643
1745504762376 193695.6 644
1745504773455 193333.0 645
1745504783566 193333.0 646
1745504793623 193333.0 647
1745504803675 193333.0 648
1745504813932 193333.0 649
1745504823966 193333.0 650
1745504834004 193333.0 651
1745504844098 193333.0 652
1745504854516 193333.0 653
1745504864571 203586.9 654
1745504874698 203693.2 655
1745504884766 203692.7 656
1745504895987 203692.4 657
1745504906045 203692.4 658
1745504916191 193368.3 659
1745504926235 193307.8 660
1745504936735 193307.8 661
1745504946845 203550.0 662
1745504956902 193315.5 663
1745504966947 202609.5 664
1745504977059 202609.5 665
1745504987107 202609.5 666
1745504997158 202609.5 667
1745505009872 202609.5 668
1745505019920 202609.5 669
1745505029967 203765.4 670
1745505040081 203765.4 671
1745505050967 203765.1 672
1745505061040 203853.5 673
1745505071122 193628.6 674
1745505081219 193628.6 675
1745505091554 193628.6 676
1745505101628 193628.6 677
1745505111757 193628.6 678
1745505121795 193628.6 679
1745505132615 193172.1 680
1745505142730 203370.5 681
1745505152777 193150.6 682
1745505162855 193150.6 683
1745505172984 203410.4 684
1745505184293 203410.4 685
1745505194589 203551.2 686
1745505207613 203711.8 687
1745505217736 203711.5 688
1745505227788 193495.1 689
1745505237830 193495.1 690
1745505248445 193495.1 691
1745505258501 193495.1 692
1745505268541 193495.1 693
1745505278634 193495.1 694
1745505289009 193495.1 695
1745505299073 193495.1 696
1745505309194 203688.3 697
1745505319631 193465.3 698
1745505329718 203599.0 699
1745505339843 204095.4 700
1745505350088 204095.4 701
1745505361501 204177.3 702
1745505372579 204213.7 703
1745505382702 204253.1 704
1745505392776 194034.2 705
1745505402854 194034.2 706
1745505413698 194034.2 707
1745505423768 194034.2 708
1745505433839 194034.2 709
1745505443948 194034.2 710
1745505454615 194034.2 711
1745505464680 194034.2 712
1745505474789 203817.6 713
1745505484850 193600.9 714
1745505494915 204238.7 715
1745505506385 204238.7 716
1745505516453 204238.7 717
1745505526509 204326.3 718
1745505536626 193999.4 719
1745505547700 193999.4 720
1745505557772 193999.4 721
1745505567809 193999.4 722
1745505577926 193999.4 723
1745505588724 193999.4 724
1745505598798 193999.4 725
1745505608909 193999.4 726
1745505618968 193230.5 727
1745505629011 193374.4 728
1745505639146 203606.3 729
1745505650445 204212.8 730
1745505660914 204212.8 731
1745505671012 204212.8 732
1745505681089 204212.4 733
1745505691148 204212.4 734
1745505701252 193890.7 735
1745505711309 193890.7 736
1745505721378 193890.7 737
1745505732892 193890.7 738
1745505743003 193890.7 739
1745505753068 193890.7 740
1745505763140 193563.7 741
1745505774009 193563.7 742
1745505784068 193563.7 743
1745505794114 193563.7 744
1745505804225 193563.7 745
1745505815517 193563.7 746
1745505825598 203605.0 747
1745505835711 203605.0 748
1745505845760 203604.6 749
1745505855807 193381.6 750
1745505865923 193381.6 751
1745505876120 193381.6 752
1745505886192 193527.8 753
1745505896319 193123.1 754
1745505906365 193123.1 755
1745505917384 193123.1 756
1745505927479 193123.1 757
1745505937531 193123.1 758
1745505947599 193123.1 759
1745505959683 193202.0 760
1745505969795 204011.0 761
1745505979854 204011.0 762
1745505989922 204011.0 763
1745506002327 204226.9 764
1745506012405 204226.6 765
1745506022457 194010.8 766
1745506032576 193592.2 767
1745506043788 193592.2 768
1745506053863 193592.2 769
1745506063908 193004.5 770
1745506074016 193004.5 771
1745506084071 193004.5 772
1745506094103 193004.5 773
1745506104237 193004.5 774
1745506117209 193004.5 775
1745506127274 203352.2 776
1745506137388 203666.5 777
1745506147455 203666.5 778
1745506157538 203778.4 779
1745506169178 203778.0 780
1745506179294 203446.0 781
1745506189364 193213.8 782
1745506199419 193213.8 783
1745506209523 193213.8 784
1745506219578 193213.8 785
1745506229624 193213.8 786
1745506239746 193213.8 787
1745506249784 193213.3 788
1745506259836 193104.4 789
1745506269962 203371.3 790
1745506280061 193043.0 791
1745506290122 203502.1 792
1745506300264 203502.1 793
1745506310299 203502.1 794
1745506320384 203501.7 795
1745506330485 203501.7 796
1745506340567 193181.8 797
1745506350622 193181.8 798
1745506360728 193181.8 799
1745506370777 193181.8 800
1745506380821 192946.9 801
1745506390931 192946.9 802
1745506401251 192946.9 803
1745506411324 192946.9 804
1745506421461 203357.6 805
1745506432074 193131.8 806
1745506442142 203184.6 807
1745506452246 203483.3 808
1745506462306 203483.3 809
1745506472376 203483.3 810
1745506482494 203482.9 811
1745506492563 193172.1 812
1745506503875 193172.1 813
1745506514008 193172.1 814
1745506524116 193172.1 815
1745506534170 193172.1 816
1745506544224 192872.4 817
1745506554326 192811.0 818
1745506564375 192904.8 819
1745506574434 192904.8 820
1745506586128 192904.8 821
1745506596164 192904.8 822
1745506606201 192904.8 823
1745506616305 203415.5 824
1745506626792 203415.5 825
1745506636892 203415.5 826
1745506646997 203454.0 827
1745506657474 193161.9 828
1745506667522 193161.9 829
1745506677655 202971.5 830
1745506687714 192760.7 831
1745506697761 192760.7 832
1745506708559 192760.7 833
1745506718602 192760.7 834
1745506728673 192760.7 835
1745506738831 192760.5 836
1745506748876 192760.5 837
1745506759170 192760.5 838
1745506769294 192760.5 839
1745506779338 192760.5 840
1745506792469 192760.5 841
1745506803147 202759.0 842
1745506813944 203163.4 843
1745506824001 203163.4 844
1745506836877 203162.8 845
1745506846918 203122.5 846
1745506857035 202988.4 847
1745506867106 192668.4 848
1745506878202 192717.2 849
1745506888329 192717.2 850
1745506898389 192717.2 851
1745506908435 192717.2 852
1745506918558 192717.2 853
1745506928851 192717.2 854
1745506938914 192756.5 855
1745506949066 202715.0 856
1745506959109 192384.0 857
1745506970490 192384.0 858
1745506980563 192384.0 859
1745506990679 202273.6 860
1745507000798 202273.6 861
1745507011777 202863.6 862
1745507021902 203071.5 863
1745507031962 203070.9 864
1745507042028 192738.3 865
1745507052129 192738.3 866
1745507062373 192738.3 867
1745507072439 192738.3 868
1745507082561 202383.5 869
1745507092629 192094.4 870
1745507104089 192192.4 871
1745507114216 192192.4 872
1745507124260 192192.4 873
1745507134301 192192.4 874
1745507144417 192192.4 875
1745507154480 192192.4 876
