1745498227147 61.6 0
1745498237244 61.9 1
1745498247270 63.4 2
1745498257325 62.5 3
1745498267448 62.5 4
1745498277482 62.5 5
1745498287524 62.5 6
1745498297754 62.5 7
1745498307848 63.5 8
1745498317937 63.5 9
1745498328012 63.5 10
1745498338099 61.8 11
1745498348141 61.8 12
1745498358227 63.3 13
1745498368315 63.7 14
1745498378421 63.7 15
1745498388506 63.7 16
1745498398600 63.7 17
1745498408743 62.4 18
1745498418812 63.5 19
1745498428861 63.5 20
1745498438947 63.6 21
1745498448987 63.6 22
1745498459103 62.0 23
1745498469148 63.4 24
1745498479170 63.4 25
1745498489203 63.4 26
1745498499285 63.4 27
1745498509313 63.4 28
1745498519343 63.4 29
1745498529467 62.1 30
1745498539496 63.6 31
1745498549724 63.6 32
1745498559973 62.0 33
1745498570133 61.9 34
1745498580176 63.4 35
1745498590264 63.4 36
1745498600302 63.4 37
1745498610339 63.4 38
1745498620481 63.4 39
1745498630530 63.4 40
1745498640550 63.4 41
1745498650892 63.4 42
1745498660938 63.4 43
1745498670967 63.4 44
1745498681062 61.9 45
1745498691100 61.9 46
1745498701137 63.4 47
1745498711286 63.4 48
1745498721323 63.4 49
1745498731358 63.5 50
1745498741603 63.5 51
1745498751631 63.5 52
1745498761773 63.5 53
1745498771898 63.5 54
1745498781944 63.5 55
1745498791981 61.9 56
1745498802115 61.9 57
1745498812245 63.4 58
1745498822267 63.4 59
1745498832524 63.6 60
1745498842551 63.6 61
1745498852595 62.5 62
1745498862667 62.5 63
1745498872697 62.5 64
1745498882732 62.5 65
1745498892825 62.5 66
1745498902860 62.5 67
1745498912900 62.0 68
1745498923042 63.5 69
1745498933076 63.5 70
1745498943108 63.5 71
1745498953210 63.5 72
1745498963255 63.5 73
1745498973296 62.5 74
1745498983374 62.5 75
1745498993408 62.5 76
1745499003454 63.6 77
1745499013559 63.8 78
1745499023586 63.8 79
1745499033616 62.0 80
1745499043718 63.5 81
1745499053746 63.5 82
1745499063786 63.5 83
1745499073913 63.5 84
1745499083933 63.5 85
1745499093980 63.5 86
1745499104084 63.5 87
1745499114117 63.5 88
1745499124150 63.5 89
1745499134203 62.0 90
1745499144333 62.0 91
1745499154352 63.5 92
1745499164389 63.5 93
1745499174468 63.5 94
1745499184507 63.5 95
1745499194538 63.5 96
1745499204668 63.5 97
1745499214704 63.6 98
1745499224737 63.6 99
1745499234861 63.7 100
1745499244898 63.7 101
1745499254948 62.1 102
1745499265046 63.5 103
1745499275084 63.5 104
1745499285116 63.5 105
1745499295235 63.5 106
1745499305255 63.5 107
1745499315291 63.6 108
1745499325395 63.6 109
1745499335428 63.6 110
1745499345471 63.6 111
1745499355549 62.0 112
1745499365578 62.0 113
1745499375625 62.0 114
1745499385717 63.5 115
1745499395769 63.5 116
1745499405805 63.5 117
1745499415913 62.2 118
1745499425954 63.7 119
1745499435986 62.6 120
1745499446366 62.6 121
1745499456458 62.6 122
1745499466884 62.3 123
1745499477561 62.1 124
1745499487587 62.1 125
1745499497631 63.6 126
1745499507739 63.6 127
1745499517765 63.6 128
1745499527800 63.6 129
1745499537884 63.7 130
1745499547915 63.7 131
1745499557956 63.7 132
1745499568095 63.7 133
1745499578122 63.7 134
1745499588252 63.7 135
1745499598411 62.0 136
1745499608456 62.0 137
1745499618510 63.5 138
1745499628639 63.5 139
1745499638698 63.5 140
1745499648744 63.6 141
1745499658859 63.6 142
1745499668902 63.6 143
1745499678949 63.6 144
1745499689063 63.6 145
1745499699104 63.6 146
1745499709163 62.1 147
1745499719243 62.1 148
1745499729302 63.6 149
1745499739356 63.6 150
1745499749460 63.6 151
1745499759502 63.6 152
1745499769556 63.7 153
1745499779647 62.6 154
1745499789681 62.6 155
1745499799723 62.6 156
1745499810141 62.6 157
1745499820185 62.6 158
1745499830224 62.1 159
1745499840328 63.6 160
1745499850359 63.6 161
1745499860403 63.6 162
1745499870514 63.6 163
1745499880556 63.6 164
1745499890600 63.6 165
1745499900725 63.6 166
1745499910810 63.6 167
1745499920871 63.6 168
1745499930913 63.8 169
1745499941178 63.8 170
1745499951281 62.2 171
1745499961326 62.2 172
1745499971421 63.7 173
1745499981494 63.7 174
1745499991547 63.7 175
1745500001636 62.6 176
1745500011684 62.6 177
1745500021705 62.6 178
1745500031801 62.6 179
1745500041838 62.6 180
1745500051879 62.4 181
1745500062005 62.2 182
1745500072050 62.2 183
1745500082099 63.7 184
1745500092185 63.7 185
1745500102257 63.7 186
1745500112630 63.7 187
1745500122750 63.7 188
1745500132800 63.7 189
1745500142840 63.8 190
1745500152943 62.7 191
1745500162981 62.7 192
1745500173016 62.4 193
1745500183102 62.2 194
1745500193151 63.7 195
1745500203202 63.7 196
1745500213309 63.8 197
1745500223353 63.8 198
1745500233407 63.8 199
1745500243508 63.8 200
1745500253561 63.8 201
1745500263613 63.8 202
1745500273934 63.8 203
1745500283989 63.8 204
1745500294047 62.3 205
1745500304160 62.3 206
1745500314207 63.7 207
1745500324427 63.7 208
1745500334561 63.7 209
1745500344622 63.8 210
1745500354667 63.8 211
1745500364763 63.9 212
1745500374804 63.9 213
1745500384852 63.9 214
1745500394963 63.9 215
1745500404998 63.9 216
1745500415112 62.3 217
1745500425218 62.3 218
1745500435726 63.7 219
1745500445795 63.7 220
1745500456426 63.8 221
1745500466479 63.8 222
1745500477142 62.7 223
1745500487199 62.7 224
1745500497677 62.7 225
1745500508422 62.7 226
1745500518474 62.4 227
1745500528567 62.3 228
1745500538607 62.3 229
1745500548647 63.7 230
1745500558800 62.4 231
1745500568837 63.8 232
1745500578888 63.8 233
1745500589084 62.3 234
1745500599373 63.8 235
1745500609412 63.9 236
1745500619519 63.9 237
1745500629546 63.9 238
1745500640372 63.9 239
1745500650467 62.5 240
1745500660516 62.5 241
1745500670557 62.3 242
1745500680680 62.3 243
1745500690718 62.3 244
1745500700769 63.8 245
1745500711304 63.8 246
1745500721353 63.8 247
1745500731393 63.8 248
1745500741479 63.8 249
1745500751536 63.8 250
1745500761573 63.8 251
1745500771667 63.8 252
1745500781714 63.8 253
1745500791943 63.8 254
1745500802054 62.3 255
1745500812095 62.3 256
1745500822116 62.3 257
1745500832672 62.3 258
1745500842794 63.8 259
1745500852834 63.9 260
1745500862883 63.9 261
1745500873017 63.9 262
1745500883056 63.9 263
1745500893106 63.9 264
1745500903267 63.9 265
1745500913320 63.9 266
1745500923370 63.9 267
1745500933475 63.9 268
1745500943911 63.9 269
1745500953957 62.3 270
1745500964899 62.2 271
1745500974929 62.2 272
1745500984985 63.7 273
1745500995071 63.7 274
1745501005114 63.7 275
1745501015161 63.7 276
1745501025274 63.7 277
1745501035321 62.4 278
1745501045345 63.8 279
1745501055475 63.8 280
1745501065524 63.8 281
1745501075563 63.9 282
1745501085659 62.4 283
1745501095699 62.4 284
1745501105734 62.4 285
1745501116379 62.4 286
1745501126426 63.9 287
1745501136461 63.9 288
1745501146649 63.9 289
1745501156691 63.9 290
1745501166715 64.0 291
1745501176833 64.0 292
1745501186860 64.0 293
1745501196917 64.0 294
1745501207023 64.0 295
1745501217067 64.0 296
1745501227110 64.0 297
1745501237828 62.4 298
1745501247849 62.4 299
1745501257900 62.3 300
1745501268033 63.8 301
1745501278068 62.5 302
1745501288109 63.9 303
1745501298235 63.9 304
1745501308271 63.9 305
1745501318307 63.9 306
1745501328407 63.9 307
1745501338455 63.9 308
1745501349029 63.9 309
1745501359071 63.9 310
1745501369353 62.5 311
1745501379406 62.5 312
1745501389430 62.4 313
1745501399617 62.4 314
1745501409666 63.9 315
1745501419702 63.9 316
1745501429843 63.9 317
1745501439886 63.9 318
1745501449927 63.9 319
1745501460096 63.9 320
1745501470137 63.9 321
1745501480162 63.9 322
1745501490284 62.5 323
1745501500333 63.9 324
1745501510376 63.9 325
1745501520802 62.4 326
1745501531232 62.4 327
1745501541270 62.4 328
1745501551382 62.4 329
1745501561435 63.9 330
1745501571479 63.9 331
1745501581577 63.9 332
1745501591614 63.9 333
1745501601646 63.9 334
1745501612409 64.0 335
1745501622447 64.0 336
1745501632494 64.0 337
1745501642748 64.0 338
1745501652786 64.0 339
1745501663130 64.0 340
1745501673221 62.4 341
1745501683253 62.4 342
1745501693310 62.4 343
1745501703423 63.9 344
1745501713467 63.9 345
1745501723507 64.0 346
1745501733594 64.0 347
1745501743647 64.0 348
1745501753692 64.0 349
1745501763790 64.0 350
1745501773831 64.0 351
1745501783877 64.0 352
1745501793993 64.0 353
1745501804051 64.0 354
1745501814905 64.0 355
1745501825305 62.5 356
1745501837148 62.4 357
1745501847196 62.4 358
1745501857237 63.9 359
1745501867332 63.9 360
1745501877371 63.9 361
1745501887407 63.9 362
1745501897495 63.9 363
1745501907548 63.9 364
1745501917583 63.9 365
1745501927680 63.9 366
1745501937732 63.9 367
1745501947780 63.9 368
1745501957895 62.5 369
1745501967952 62.5 370
1745501977973 62.5 371
1745501988079 62.5 372
1745501998099 64.0 373
1745502008154 64.0 374
1745502018262 64.0 375
1745502028303 64.0 376
1745502038342 64.0 377
1745502048433 64.0 378
1745502058478 64.0 379
1745502068523 64.0 380
1745502078705 64.0 381
1745502088942 64.0 382
1745502098995 64.0 383
1745502109086 62.5 384
1745502119131 62.5 385
1745502129294 62.5 386
1745502139474 62.5 387
1745502149507 63.9 388
1745502159542 63.9 389
1745502169629 63.9 390
1745502179678 63.9 391
1745502189723 63.9 392
1745502199843 63.9 393
1745502209895 63.9 394
1745502219917 63.9 395
1745502230021 63.9 396
1745502240051 63.9 397
1745502250109 63.9 398
1745502260247 62.5 399
1745502270377 62.5 400
1745502280444 62.5 401
1745502290555 62.5 402
1745502300602 64.0 403
1745502310651 64.0 404
1745502320738 64.0 405
1745502330952 64.5 406
1745502341688 64.5 407
1745502351741 64.5 408
1745502361938 64.5 409
1745502371984 64.5 410
1745502382029 64.5 411
1745502392990 64.5 412
1745502403511 64.5 413
1745502414062 62.6 414
1745502424160 62.5 415
1745502434212 62.5 416
1745502444615 64.0 417
1745502454728 64.0 418
1745502464767 64.0 419
1745502474804 64.0 420
1745502484923 64.0 421
1745502494965 64.0 422
1745502505003 64.0 423
1745502515091 64.0 424
1745502525145 64.0 425
1745502535184 64.0 426
1745502546259 64.1 427
1745502557037 62.6 428
1745502567920 62.5 429
1745502577957 62.5 430
1745502588470 62.5 431
1745502598515 64.0 432
1745502608553 64.0 433
1745502618647 64.0 434
1745502628704 64.0 435
1745502638743 64.0 436
1745502648885 62.6 437
1745502658932 64.0 438
1745502668973 64.0 439
1745502679079 64.0 440
1745502689117 64.0 441
1745502699511 64.0 442
1745502709633 62.5 443
1745502720098 62.5 444
1745502730149 62.5 445
1745502740247 62.5 446
1745502750292 62.5 447
1745502760332 62.5 448
1745502770419 64.5 449
1745502780467 64.5 450
1745502790542 64.5 451
1745502800652 64.5 452
1745502810708 64.5 453
1745502820772 64.5 454
1745502830887 64.5 455
1745502840929 64.5 456
1745502851856 64.5 457
1745502861931 64.5 458
1745502872038 64.5 459
1745502882089 62.6 460
1745502892184 62.6 461
1745502903267 62.5 462
1745502913334 62.5 463
1745502923371 64.0 464
1745502933907 64.0 465
1745502943961 64.0 466
1745502954021 64.0 467
1745502964130 64.0 468
1745502974179 64.0 469
1745502984216 64.0 470
1745502994359 64.0 471
1745503005060 64.0 472
1745503015118 64.5 473
1745503025263 62.6 474
1745503035315 62.6 475
1745503045369 62.6 476
1745503056230 62.6 477
1745503066295 62.6 478
1745503076351 64.6 479
1745503086846 64.6 480
1745503096892 64.6 481
1745503106953 64.6 482
1745503117055 64.5 483
1745503127099 64.5 484
1745503137142 64.5 485
1745503147273 64.5 486
1745503157521 64.5 487
1745503168471 64.5 488
1745503178510 64.5 489
1745503188624 62.7 490
1745503198661 62.7 491
1745503209275 62.6 492
1745503219410 62.6 493
1745503229498 64.1 494
1745503240477 64.6 495
1745503250592 64.6 496
1745503260644 64.6 497
1745503270730 64.6 498
1745503280865 64.6 499
1745503290933 64.6 500
1745503301013 64.6 501
1745503311981 64.6 502
1745503322090 64.6 503
1745503332155 64.6 504
1745503342274 62.6 505
1745503352336 62.6 506
1745503363228 62.6 507
1745503373272 62.6 508
1745503383389 64.1 509
1745503393784 64.1 510
1745503403865 64.1 511
1745503413985 64.1 512
1745503425104 64.1 513
1745503435149 62.7 514
1745503445267 62.7 515
1745503455322 64.5 516
1745503465356 64.6 517
1745503475463 62.7 518
1745503485514 64.5 519
1745503495568 62.6 520
1745503505676 62.6 521
1745503516815 62.6 522
1745503526864 62.6 523
1745503536965 64.6 524
1745503547012 64.6 525
1745503557129 64.6 526
1745503567235 64.6 527
1745503577275 64.6 528
1745503587326 64.6 529
1745503597704 64.6 530
1745503607752 64.6 531
1745503617808 64.6 532
1745503630174 64.6 533
1745503640266 62.7 534
1745503650334 62.7 535
1745503660382 62.7 536
1745503671296 62.6 537
1745503681330 62.6 538
1745503691368 64.1 539
1745503701471 64.1 540
1745503711515 64.1 541
1745503721561 64.1 542
1745503731678 64.7 543
1745503742785 64.7 544
1745503752841 64.6 545
1745503762965 64.6 546
1745503773008 64.6 547
1745503783425 64.6 548
1745503793550 64.6 549
1745503803615 62.8 550
1745503813663 62.7 551
1745503823723 62.6 552
1745503833871 62.6 553
1745503843912 64.1 554
1745503854456 64.1 555
1745503864557 62.7 556
1745503874620 64.6 557
1745503884669 64.6 558
1745503894796 64.6 559
1745503904846 64.6 560
1745503914883 64.6 561
1745503924969 64.7 562
1745503935009 64.7 563
1745503945054 64.7 564
1745503955154 62.8 565
1745503965190 62.8 566
1745503975225 62.7 567
1745503985346 62.7 568
1745503995395 64.6 569
1745504005748 64.6 570
1745504015902 62.9 571
1745504025940 64.7 572
1745504035980 64.7 573
1745504046091 64.7 574
1745504056136 64.7 575
1745504066188 64.7 576
1745504077388 64.7 577
1745504088249 64.7 578
1745504098335 62.8 579
1745504108903 62.8 580
1745504118945 62.8 581
1745504128993 62.8 582
1745504139096 64.7 583
1745504149327 64.7 584
1745504159395 64.7 585
1745504169459 64.7 586
1745504179566 64.7 587
1745504189603 64.7 588
1745504199647 64.7 589
1745504209778 64.7 590
1745504219819 64.7 591
1745504229870 64.7 592
1745504240045 63.0 593
1745504250112 63.0 594
1745504260150 62.8 595
1745504270260 62.8 596
1745504280310 62.8 597
1745504290369 62.8 598
1745504300483 64.6 599
1745504310996 64.6 600
1745504321069 64.6 601
1745504331173 63.1 602
1745504341232 63.1 603
1745504351280 64.7 604
1745504361383 62.8 605
1745504371439 64.6 606
1745504381484 64.6 607
1745504391599 64.6 608
1745504401643 64.6 609
1745504412183 62.7 610
1745504422273 62.7 611
1745504432309 62.7 612
1745504442354 62.7 613
1745504452473 64.6 614
1745504463182 64.6 615
1745504473244 64.7 616
1745504483387 62.8 617
1745504493445 64.7 618
1745504504172 64.7 619
1745504514291 64.7 620
1745504524334 64.7 621
1745504534368 64.7 622
1745504545765 64.7 623
1745504555896 62.7 624
1745504565940 62.7 625
1745504576003 62.7 626
1745504587887 62.7 627
1745504597962 62.7 628
1745504608018 64.6 629
1745504618126 64.6 630
1745504628294 64.6 631
1745504638347 64.7 632
1745504648454 64.7 633
1745504658508 64.7 634
1745504668569 64.7 635
1745504678679 64.7 636
1745504688743 64.7 637
1745504701065 64.7 638
1745504711136 64.7 639
1745504722091 62.9 640
1745504732136 62.9 641
1745504742215 62.8 642
1745504752324 62.8 643
1745504762376 64.7 644
1745504773455 64.7 645
1745504783566 64.7 646
1745504793623 64.7 647
1745504803675 64.7 648
1745504813932 64.7 649
1745504823966 64.7 650
1745504834004 64.7 651
1745504844098 64.7 652
1745504854516 64.7 653
1745504864571 62.9 654
1745504874698 62.9 655
1745504884766 62.9 656
1745504895987 62.9 657
1745504906045 62.9 658
1745504916191 64.7 659
1745504926235 64.7 660
1745504936735 64.7 661
1745504946845 62.9 662
1745504956902 64.7 663
1745504966947 63.1 664
1745504977059 63.1 665
1745504987107 63.1 666
1745504997158 63.1 667
1745505009872 63.1 668
1745505019920 63.1 669
1745505029967 62.8 670
1745505040081 62.8 671
1745505050967 62.8 672
1745505061040 62.8 673
1745505071122 64.7 674
1745505081219 64.7 675
1745505091554 64.7 676
1745505101628 64.7 677
1745505111757 64.7 678
1745505121795 64.7 679
1745505132615 64.8 680
1745505142730 62.9 681
1745505152777 64.8 682
1745505162855 64.8 683
1745505172984 62.9 684
1745505184293 62.9 685
1745505194589 62.9 686
1745505207613 62.9 687
1745505217736 62.9 688
1745505227788 64.7 689
1745505237830 64.7 690
1745505248445 64.7 691
1745505258501 64.7 692
1745505268541 64.7 693
1745505278634 64.7 694
1745505289009 64.7 695
1745505299073 64.7 696
1745505309194 62.9 697
1745505319631 64.7 698
1745505329718 62.9 699
1745505339843 62.8 700
1745505350088 62.8 701
1745505361501 62.8 702
1745505372579 62.8 703
1745505382702 62.8 704
1745505392776 64.6 705
1745505402854 64.6 706
1745505413698 64.6 707
1745505423768 64.6 708
1745505433839 64.6 709
1745505443948 64.6 710
1745505454615 64.6 711
1745505464680 64.6 712
1745505474789 62.8 713
1745505484850 64.7 714
1745505494915 62.8 715
1745505506385 62.8 716
1745505516453 62.8 717
1745505526509 62.7 718
1745505536626 64.6 719
1745505547700 64.6 720
1745505557772 64.6 721
1745505567809 64.6 722
1745505577926 64.6 723
1745505588724 64.6 724
1745505598798 64.6 725
1745505608909 64.6 726
1745505618968 64.8 727
1745505629011 64.7 728
1745505639146 62.9 729
1745505650445 62.8 730
1745505660914 62.8 731
1745505671012 62.8 732
1745505681089 62.8 733
1745505691148 62.8 734
1745505701252 64.6 735
1745505711309 64.6 736
1745505721378 64.6 737
1745505732892 64.6 738
1745505743003 64.6 739
1745505753068 64.6 740
1745505763140 64.7 741
1745505774009 64.7 742
1745505784068 64.7 743
1745505794114 64.7 744
1745505804225 64.7 745
1745505815517 64.7 746
1745505825598 62.9 747
1745505835711 62.9 748
1745505845760 62.9 749
1745505855807 64.7 750
1745505865923 64.7 751
1745505876120 64.7 752
1745505886192 64.7 753
1745505896319 64.8 754
1745505906365 64.8 755
1745505917384 64.8 756
1745505927479 64.8 757
1745505937531 64.8 758
1745505947599 64.8 759
1745505959683 64.8 760
1745505969795 62.8 761
1745505979854 62.8 762
1745505989922 62.8 763
1745506002327 62.8 764
1745506012405 62.8 765
1745506022457 64.6 766
1745506032576 64.7 767
1745506043788 64.7 768
1745506053863 64.7 769
1745506063908 64.8 770
1745506074016 64.8 771
1745506084071 64.8 772
1745506094103 64.8 773
1745506104237 64.8 774
1745506117209 64.8 775
1745506127274 62.9 776
1745506137388 62.9 777
1745506147455 62.9 778
1745506157538 62.8 779
1745506169178 62.8 780
1745506179294 62.9 781
1745506189364 64.8 782
1745506199419 64.8 783
1745506209523 64.8 784
1745506219578 64.8 785
1745506229624 64.8 786
1745506239746 64.8 787
1745506249784 64.8 788
1745506259836 64.8 789
1745506269962 62.9 790
1745506280061 64.8 791
1745506290122 62.9 792
1745506300264 62.9 793
1745506310299 62.9 794
1745506320384 62.9 795
1745506330485 62.9 796
1745506340567 64.8 797
1745506350622 64.8 798
1745506360728 64.8 799
1745506370777 64.8 800
1745506380821 64.8 801
1745506390931 64.8 802
1745506401251 64.8 803
1745506411324 64.8 804
1745506421461 62.9 805
1745506432074 64.8 806
1745506442142 62.9 807
1745506452246 62.9 808
1745506462306 62.9 809
1745506472376 62.9 810
1745506482494 62.9 811
1745506492563 64.8 812
1745506503875 64.8 813
1745506514008 64.8 814
1745506524116 64.8 815
1745506534170 64.8 816
1745506544224 64.8 817
1745506554326 64.8 818
1745506564375 64.8 819
1745506574434 64.8 820
1745506586128 64.8 821
1745506596164 64.8 822
1745506606201 64.8 823
1745506616305 62.9 824
1745506626792 62.9 825
1745506636892 62.9 826
1745506646997 62.9 827
1745506657474 64.8 828
1745506667522 64.8 829
1745506677655 63.0 830
1745506687714 64.8 831
1745506697761 64.8 832
1745506708559 64.8 833
1745506718602 64.8 834
1745506728673 64.8 835
1745506738831 64.8 836
1745506748876 64.8 837
1745506759170 64.8 838
1745506769294 64.8 839
1745506779338 64.8 840
1745506792469 64.8 841
1745506803147 63.0 842
1745506813944 63.0 843
1745506824001 63.0 844
1745506836877 63.0 845
1745506846918 63.0 846
1745506857035 63.0 847
1745506867106 64.9 848
1745506878202 64.9 849
1745506888329 64.9 850
1745506898389 64.9 851
1745506908435 64.9 852
1745506918558 64.9 853
1745506928851 64.9 854
1745506938914 64.8 855
1745506949066 63.0 856
1745506959109 64.9 857
1745506970490 64.9 858
1745506980563 64.9 859
1745506990679 63.1 860
1745507000798 63.1 861
1745507011777 63.0 862
1745507021902 63.0 863
1745507031962 63.0 864
1745507042028 64.9 865
1745507052129 64.9 866
1745507062373 64.9 867
1745507072439 64.9 868
1745507082561 63.1 869
1745507092629 65.0 870
1745507104089 65.0 871
1745507114216 65.0 872
1745507124260 65.0 873
1745507134301 65.0 874
1745507144417 65.0 875
1745507154480 65.0 876
