1745498227147 337904.6 0
1745498237244 339658.9 1
1745498247270 347728.4 2
1745498257325 342541.5 3
1745498267448 342541.5 4
1745498277482 342541.5 5
1745498287524 342542.0 6
1745498297754 342542.0 7
1745498307848 347974.2 8
1745498317937 347974.2 9
1745498328012 347974.2 10
1745498338099 339114.6 11
1745498348141 339154.6 12
1745498358227 347333.9 13
1745498368315 349275.4 14
1745498378421 349275.4 15
1745498388506 349275.4 16
1745498398600 349275.5 17
1745498408743 342141.8 18
1745498418812 348175.9 19
1745498428861 348175.9 20
1745498438947 348638.4 21
1745498448987 348638.4 22
1745498459103 339794.9 23
1745498469148 347759.8 24
1745498479170 347759.8 25
1745498489203 347759.8 26
1745498499285 347759.8 27
1745498509313 347759.8 28
1745498519343 347759.8 29
1745498529467 340532.6 30
1745498539496 348702.5 31
1745498549724 348702.5 32
1745498559973 339738.5 33
1745498570133 339554.3 34
1745498580176 347635.7 35
1745498590264 347635.7 36
1745498600302 347635.7 37
1745498610339 347635.7 38
1745498620481 347635.7 39
1745498630530 347635.7 40
1745498640550 347635.7 41
1745498650892 347635.7 42
1745498660938 347635.7 43
1745498670967 347635.7 44
1745498681062 339548.5 45
1745498691100 339548.6 46
1745498701137 347727.6 47
1745498711286 347727.6 48
1745498721323 347727.6 49
1745498731358 348349.9 50
1745498741603 348349.9 51
1745498751631 348349.9 52
1745498761773 348349.9 53
1745498771898 348349.9 54
1745498781944 348349.9 55
1745498791981 339684.6 56
1745498802115 339685.0 57
1745498812245 347851.7 58
1745498822267 347851.7 59
1745498832524 348709.0 60
1745498842551 348709.0 61
1745498852595 342695.3 62
1745498862667 342695.3 63
1745498872697 342695.3 64
1745498882732 342695.3 65
1745498892825 342695.3 66
1745498902860 342695.3 67
1745498912900 339821.8 68
1745498923042 347958.7 69
1745498933076 347958.7 70
1745498943108 347958.7 71
1745498953210 348463.5 72
1745498963255 348463.5 73
1745498973296 342488.1 74
1745498983374 342488.1 75
1745498993408 342488.1 76
1745499003454 348810.6 77
1745499013559 349816.3 78
1745499023586 349816.3 79
1745499033616 339816.6 80
1745499043718 347951.7 81
1745499053746 347951.7 82
1745499063786 347951.7 83
1745499073913 347951.7 84
1745499083933 347951.7 85
1745499093980 347951.7 86
1745499104084 348458.4 87
1745499114117 348458.4 88
1745499124150 348458.4 89
1745499134203 339853.0 90
1745499144333 339853.5 91
1745499154352 348020.1 92
1745499164389 348020.1 93
1745499174468 348020.1 94
1745499184507 348020.1 95
1745499194538 348020.1 96
1745499204668 348020.1 97
1745499214704 348694.0 98
1745499224737 348694.0 99
1745499234861 349141.6 100
1745499244898 349141.6 101
1745499254948 340335.9 102
1745499265046 348301.4 103
1745499275084 348301.4 104
1745499285116 348301.4 105
1745499295235 348301.4 106
1745499305255 348301.4 107
1745499315291 348759.1 108
1745499325395 348759.1 109
1745499335428 348759.1 110
1745499345471 348759.1 111
1745499355549 340134.2 112
1745499365578 340134.6 113
1745499375625 340134.6 114
1745499385717 348204.0 115
1745499395769 348204.0 116
1745499405805 348204.0 117
1745499415913 341072.2 118
1745499425954 349146.0 119
1745499435986 343139.4 120
1745499446366 343139.4 121
1745499456458 343139.4 122
1745499466884 341719.8 123
1745499477561 340434.6 124
1745499487587 340435.0 125
1745499497631 348496.9 126
1745499507739 348496.9 127
1745499517765 348496.9 128
1745499527800 348496.9 129
1745499537884 349070.8 130
1745499547915 349070.8 131
1745499557956 349070.8 132
1745499568095 349070.8 133
1745499578122 349071.3 134
1745499588252 349071.3 135
1745499598411 340175.6 136
1745499608456 340175.6 137
1745499618510 348295.0 138
1745499628639 348295.0 139
1745499638698 348295.0 140
1745499648744 348851.2 141
1745499658859 348851.2 142
1745499668902 348851.2 143
1745499678949 348851.2 144
1745499689063 348851.2 145
1745499699104 348851.2 146
1745499709163 340356.6 147
1745499719243 340357.0 148
1745499729302 348522.7 149
1745499739356 348522.7 150
1745499749460 348522.7 151
1745499759502 348522.7 152
1745499769556 349091.1 153
1745499779647 343134.0 154
1745499789681 343134.0 155
1745499799723 343134.0 156
1745499810141 343134.0 157
1745499820185 343134.0 158
1745499830224 340727.2 159
1745499840328 348722.7 160
1745499850359 348722.7 161
1745499860403 348722.7 162
1745499870514 348722.7 163
1745499880556 348722.7 164
1745499890600 348722.7 165
1745499900725 348722.7 166
1745499910810 348722.7 167
1745499920871 348722.7 168
1745499930913 350066.3 169
1745499941178 350066.3 170
1745499951281 341173.9 171
1745499961326 341028.9 172
1745499971421 349098.5 173
1745499981494 349098.5 174
1745499991547 349405.4 175
1745500001636 343442.5 176
1745500011684 343442.5 177
1745500021705 343442.5 178
1745500031801 343442.5 179
1745500041838 343442.5 180
1745500051879 342176.0 181
1745500062005 340997.6 182
1745500072050 340998.1 183
1745500082099 349159.9 184
1745500092185 349159.9 185
1745500102257 349159.9 186
1745500112630 349159.9 187
1745500122750 349159.9 188
1745500132800 349159.9 189
1745500142840 349697.5 190
1745500152943 343624.3 191
1745500162981 343624.3 192
1745500173016 342145.5 193
1745500183102 341314.9 194
1745500193151 349479.2 195
1745500203202 349479.2 196
1745500213309 349855.0 197
1745500223353 349855.0 198
1745500233407 349855.0 199
1745500243508 349855.0 200
1745500253561 349855.0 201
1745500263613 349855.0 202
1745500273934 349855.0 203
1745500283989 349855.0 204
1745500294047 341456.6 205
1745500304160 341457.1 206
1745500314207 349434.7 207
1745500324427 349434.7 208
1745500334561 349434.7 209
1745500344622 349749.9 210
1745500354667 349749.9 211
1745500364763 350173.2 212
1745500374804 350173.2 213
1745500384852 350173.2 214
1745500394963 350173.2 215
1745500404998 350173.2 216
1745500415112 341555.0 217
1745500425218 341386.9 218
1745500435726 349451.1 219
1745500445795 349451.1 220
1745500456426 349858.3 221
1745500466479 349858.3 222
1745500477142 343898.8 223
1745500487199 343898.8 224
1745500497677 343898.8 225
1745500508422 343898.8 226
1745500518474 342228.0 227
1745500528567 341439.1 228
1745500538607 341439.7 229
1745500548647 349443.8 230
1745500558800 341923.6 231
1745500568837 350009.1 232
1745500578888 349942.5 233
1745500589084 341865.5 234
1745500599373 350048.2 235
1745500609412 350343.0 236
1745500619519 350401.6 237
1745500629546 350401.6 238
1745500640372 350626.9 239
1745500650467 342512.8 240
1745500660516 342512.8 241
1745500670557 341826.2 242
1745500680680 341826.2 243
1745500690718 341864.3 244
1745500700769 349945.5 245
1745500711304 349945.5 246
1745500721353 349945.5 247
1745500731393 349945.5 248
1745500741479 349945.5 249
1745500751536 349945.5 250
1745500761573 349945.5 251
1745500771667 349945.5 252
1745500781714 349945.5 253
1745500791943 349945.5 254
1745500802054 341881.0 255
1745500812095 341881.0 256
1745500822116 341748.1 257
1745500832672 341748.6 258
1745500842794 349931.0 259
1745500852834 350253.4 260
1745500862883 350253.9 261
1745500873017 350253.9 262
1745500883056 350253.9 263
1745500893106 350253.9 264
1745500903267 350253.9 265
1745500913320 350253.9 266
1745500923370 350253.9 267
1745500933475 350253.9 268
1745500943911 350253.9 269
1745500953957 341823.3 270
1745500964899 341346.8 271
1745500974929 341347.3 272
1745500984985 349509.2 273
1745500995071 349509.2 274
1745501005114 349509.2 275
1745501015161 349509.2 276
1745501025274 349509.2 277
1745501035321 342004.2 278
1745501045345 350087.4 279
1745501055475 350087.4 280
1745501065524 350087.4 281
1745501075563 350375.2 282
1745501085659 341988.3 283
1745501095699 341988.3 284
1745501105734 341988.3 285
1745501116379 341988.8 286
1745501126426 350169.0 287
1745501136461 350169.0 288
1745501146649 350169.0 289
1745501156691 350169.0 290
1745501166715 350777.7 291
1745501176833 350777.7 292
1745501186860 350777.7 293
1745501196917 350777.7 294
1745501207023 350777.7 295
1745501217067 350777.7 296
1745501227110 350777.7 297
1745501237828 342017.3 298
1745501247849 342017.3 299
1745501257900 341871.4 300
1745501268033 349933.4 301
1745501278068 342561.2 302
1745501288109 350625.5 303
1745501298235 350625.5 304
1745501308271 350625.5 305
1745501318307 350625.5 306
1745501328407 350616.4 307
1745501338455 350616.4 308
1745501349029 350616.4 309
1745501359071 350616.4 310
1745501369353 342648.9 311
1745501379406 342457.3 312
1745501389430 342227.2 313
1745501399617 342227.7 314
1745501409666 350305.3 315
1745501419702 350305.3 316
1745501429843 350305.3 317
1745501439886 350305.3 318
1745501449927 350305.3 319
1745501460096 350305.3 320
1745501470137 350305.3 321
1745501480162 350534.3 322
1745501490284 342474.9 323
1745501500333 350550.6 324
1745501510376 350546.7 325
1745501520802 342245.1 326
1745501531232 342245.1 327
1745501541270 342245.1 328
1745501551382 342245.7 329
1745501561435 350317.0 330
1745501571479 350317.0 331
1745501581577 350317.0 332
1745501591614 350317.0 333
1745501601646 350317.0 334
1745501612409 350988.8 335
1745501622447 350988.8 336
1745501632494 350988.8 337
1745501642748 350988.8 338
1745501652786 350988.8 339
1745501663130 350988.8 340
1745501673221 342402.9 341
1745501683253 342402.9 342
1745501693310 342403.5 343
1745501703423 350483.0 344
1745501713467 350483.0 345
1745501723507 350922.4 346
1745501733594 350940.6 347
1745501743647 350940.6 348
1745501753692 350854.1 349
1745501763790 350767.4 350
1745501773831 350767.4 351
1745501783877 350708.0 352
1745501793993 350708.0 353
1745501804051 350708.0 354
1745501814905 350708.0 355
1745501825305 342464.9 356
1745501837148 342309.0 357
1745501847196 342309.6 358
1745501857237 350390.9 359
1745501867332 350390.9 360
1745501877371 350390.9 361
1745501887407 350390.9 362
1745501897495 350390.9 363
1745501907548 350390.9 364
1745501917583 350390.9 365
1745501927680 350390.9 366
1745501937732 350390.9 367
1745501947780 350390.9 368
1745501957895 342853.5 369
1745501967952 342853.5 370
1745501977973 342853.5 371
1745501988079 342854.0 372
1745501998099 350815.1 373
1745502008154 350815.1 374
1745502018262 351221.8 375
1745502028303 351221.8 376
1745502038342 351213.6 377
1745502048433 351008.9 378
1745502058478 351008.9 379
1745502068523 351005.9 380
1745502078705 351020.7 381
1745502088942 351020.7 382
1745502098995 350948.1 383
1745502109086 342562.7 384
1745502119131 342562.7 385
1745502129294 342563.2 386
1745502139474 342563.2 387
1745502149507 350631.0 388
1745502159542 350631.0 389
1745502169629 350631.0 390
1745502179678 350631.0 391
1745502189723 350631.0 392
1745502199843 350631.6 393
1745502209895 350631.6 394
1745502219917 350631.6 395
1745502230021 350631.6 396
1745502240051 350631.6 397
1745502250109 350631.6 398
1745502260247 342850.4 399
1745502270377 342850.4 400
1745502280444 342850.9 401
1745502290555 342851.0 402
1745502300602 350930.4 403
1745502310651 350930.4 404
1745502320738 350930.4 405
1745502330952 353894.4 406
1745502341688 353894.4 407
1745502351741 353894.4 408
1745502361938 353894.4 409
1745502371984 353894.4 410
1745502382029 353894.4 411
1745502392990 353894.4 412
1745502403511 353894.4 413
1745502414062 343123.1 414
1745502424160 342952.8 415
1745502434212 342953.3 416
1745502444615 351028.9 417
1745502454728 351028.9 418
1745502464767 351028.9 419
1745502474804 351028.9 420
1745502484923 351028.9 421
1745502494965 351028.9 422
1745502505003 351028.9 423
1745502515091 351028.9 424
1745502525145 351028.9 425
1745502535184 351028.9 426
1745502546259 351270.1 427
1745502557037 343228.8 428
1745502567920 342992.8 429
1745502577957 342992.8 430
1745502588470 342993.3 431
1745502598515 351074.2 432
1745502608553 351074.2 433
1745502618647 351074.2 434
1745502628704 351074.2 435
1745502638743 351074.2 436
1745502648885 343137.6 437
1745502658932 351214.8 438
1745502668973 351214.8 439
1745502679079 351214.8 440
1745502689117 351214.8 441
1745502699511 351214.8 442
1745502709633 342828.8 443
1745502720098 342828.8 444
1745502730149 342828.8 445
1745502740247 342728.1 446
1745502750292 342728.1 447
1745502760332 342728.1 448
1745502770419 353788.4 449
1745502780467 353823.4 450
1745502790542 353822.6 451
1745502800652 353822.6 452
1745502810708 353822.6 453
1745502820772 353822.6 454
1745502830887 353822.6 455
1745502840929 353822.6 456
1745502851856 353822.6 457
1745502861931 353822.6 458
1745502872038 353822.6 459
1745502882089 343046.8 460
1745502892184 343046.8 461
1745502903267 342929.3 462
1745502913334 342929.8 463
1745502923371 351004.4 464
1745502933907 351004.4 465
1745502943961 351004.4 466
1745502954021 351004.4 467
1745502964130 351004.4 468
1745502974179 351004.4 469
1745502984216 351004.4 470
1745502994359 351004.4 471
1745503005060 351004.4 472
1745503015118 353695.0 473
1745503025263 343486.7 474
1745503035315 343273.6 475
1745503045369 343273.6 476
1745503056230 343273.6 477
1745503066295 343274.1 478
1745503076351 354325.9 479
1745503086846 354325.9 480
1745503096892 354325.9 481
1745503106953 354325.9 482
1745503117055 353883.7 483
1745503127099 353883.7 484
1745503137142 353717.0 485
1745503147273 353879.1 486
1745503157521 353879.1 487
1745503168471 353879.1 488
1745503178510 353879.1 489
1745503188624 343637.7 490
1745503198661 343637.7 491
1745503209275 343386.2 492
1745503219410 343386.3 493
1745503229498 351560.5 494
1745503240477 354508.2 495
1745503250592 354508.2 496
1745503260644 354508.2 497
1745503270730 354508.2 498
1745503280865 354508.2 499
1745503290933 354508.2 500
1745503301013 354508.2 501
1745503311981 354508.2 502
1745503322090 354508.2 503
1745503332155 354508.2 504
1745503342274 343226.8 505
1745503352336 343226.8 506
1745503363228 343227.2 507
1745503373272 343227.3 508
1745503383389 351393.0 509
1745503393784 351393.0 510
1745503403865 351393.0 511
1745503413985 351393.0 512
1745503425104 351393.0 513
1745503435149 343665.3 514
1745503445267 343616.4 515
1745503455322 353849.5 516
1745503465356 353979.7 517
1745503475463 343585.6 518
1745503485514 353903.2 519
1745503495568 343342.0 520
1745503505676 343342.0 521
1745503516815 343342.5 522
1745503526864 343370.4 523
1745503536965 353995.5 524
1745503547012 353995.5 525
1745503557129 353995.5 526
1745503567235 354221.2 527
1745503577275 354221.2 528
1745503587326 354221.2 529
1745503597704 354221.2 530
1745503607752 354221.2 531
1745503617808 354236.9 532
1745503630174 354104.7 533
1745503640266 343723.6 534
1745503650334 343723.6 535
1745503660382 343578.4 536
1745503671296 343260.7 537
1745503681330 343300.8 538
1745503691368 351479.4 539
1745503701471 351479.4 540
1745503711515 351479.4 541
1745503721561 351479.4 542
1745503731678 354578.2 543
1745503742785 354578.2 544
1745503752841 354338.3 545
1745503762965 354338.3 546
1745503773008 354338.3 547
1745503783425 354338.3 548
1745503793550 354338.3 549
1745503803615 344124.9 550
1745503813663 343727.4 551
1745503823723 343414.9 552
1745503833871 343414.9 553
1745503843912 351598.6 554
1745503854456 351598.6 555
1745503864557 344072.9 556
1745503874620 354290.5 557
1745503884669 354505.6 558
1745503894796 354505.6 559
1745503904846 354505.6 560
1745503914883 354505.6 561
1745503924969 354573.7 562
1745503935009 354573.7 563
1745503945054 354573.7 564
1745503955154 344140.2 565
1745503965190 344140.2 566
1745503975225 343893.5 567
1745503985346 343893.5 568
1745503995395 354206.7 569
1745504005748 354381.5 570
1745504015902 344692.0 571
1745504025940 354924.2 572
1745504035980 354924.2 573
1745504046091 354924.2 574
1745504056136 354924.2 575
1745504066188 354924.2 576
1745504077388 354924.2 577
1745504088249 354924.2 578
1745504098335 344195.2 579
1745504108903 344195.2 580
1745504118945 344195.2 581
1745504128993 344195.5 582
1745504139096 354527.4 583
1745504149327 354527.4 584
1745504159395 354918.4 585
1745504169459 354918.4 586
1745504179566 354918.4 587
1745504189603 354918.4 588
1745504199647 354918.4 589
1745504209778 354837.0 590
1745504219819 354837.0 591
1745504229870 354837.0 592
1745504240045 345530.3 593
1745504250112 345530.3 594
1745504260150 344150.5 595
1745504270260 344150.5 596
1745504280310 344150.9 597
1745504290369 344150.9 598
1745504300483 354376.2 599
1745504310996 354376.2 600
1745504321069 354376.2 601
1745504331173 346230.9 602
1745504341232 346230.9 603
1745504351280 354529.9 604
1745504361383 344259.2 605
1745504371439 354479.7 606
1745504381484 354479.7 607
1745504391599 354479.7 608
1745504401643 354479.7 609
1745504412183 344077.3 610
1745504422273 344077.3 611
1745504432309 344077.7 612
1745504442354 344077.7 613
1745504452473 354308.7 614
1745504463182 354308.7 615
1745504473244 354656.5 616
1745504483387 344371.5 617
1745504493445 354596.5 618
1745504504172 354596.5 619
1745504514291 354596.5 620
1745504524334 354596.5 621
1745504534368 354596.5 622
1745504545765 354596.5 623
1745504555896 343919.2 624
1745504565940 343919.2 625
1745504576003 343919.2 626
1745504587887 343771.5 627
1745504597962 343771.8 628
1745504608018 354100.6 629
1745504618126 354100.6 630
1745504628294 354100.6 631
1745504638347 354818.5 632
1745504648454 354807.8 633
1745504658508 354807.8 634
1745504668569 354852.2 635
1745504678679 354852.2 636
1745504688743 354852.2 637
1745504701065 354852.2 638
1745504711136 354852.2 639
1745504722091 344655.3 640
1745504732136 344655.3 641
1745504742215 344451.4 642
1745504752324 344451.5 643
1745504762376 354663.5 644
1745504773455 355026.1 645
1745504783566 355026.1 646
1745504793623 355026.1 647
1745504803675 355026.1 648
1745504813932 355026.1 649
1745504823966 355026.1 650
1745504834004 355026.1 651
1745504844098 355026.1 652
1745504854516 355026.1 653
1745504864571 344772.2 654
1745504874698 344665.9 655
1745504884766 344666.4 656
1745504895987 344666.7 657
1745504906045 344666.7 658
1745504916191 354990.8 659
1745504926235 355051.3 660
1745504936735 355051.3 661
1745504946845 344809.1 662
1745504956902 355043.6 663
1745504966947 345749.6 664
1745504977059 345749.6 665
1745504987107 345749.6 666
1745504997158 345749.6 667
1745505009872 345749.6 668
1745505019920 345749.6 669
1745505029967 344593.7 670
1745505040081 344593.7 671
1745505050967 344594.0 672
1745505061040 344505.6 673
1745505071122 354730.5 674
1745505081219 354730.5 675
1745505091554 354730.5 676
1745505101628 354730.5 677
1745505111757 354730.5 678
1745505121795 354730.5 679
1745505132615 355187.0 680
1745505142730 344988.7 681
1745505152777 355208.5 682
1745505162855 355208.5 683
1745505172984 344948.7 684
1745505184293 344948.7 685
1745505194589 344807.9 686
1745505207613 344647.3 687
1745505217736 344647.6 688
1745505227788 354864.0 689
1745505237830 354864.0 690
1745505248445 354864.0 691
1745505258501 354864.0 692
1745505268541 354864.0 693
1745505278634 354864.0 694
1745505289009 354864.0 695
1745505299073 354864.0 696
1745505309194 344670.9 697
1745505319631 354893.8 698
1745505329718 344760.1 699
1745505339843 344263.7 700
1745505350088 344263.7 701
1745505361501 344181.8 702
1745505372579 344145.4 703
1745505382702 344106.0 704
1745505392776 354324.9 705
1745505402854 354324.9 706
1745505413698 354324.9 707
1745505423768 354324.9 708
1745505433839 354324.9 709
1745505443948 354324.9 710
1745505454615 354324.9 711
1745505464680 354324.9 712
1745505474789 344541.5 713
1745505484850 354758.2 714
1745505494915 344120.4 715
1745505506385 344120.4 716
1745505516453 344120.4 717
1745505526509 344032.8 718
1745505536626 354359.7 719
1745505547700 354359.7 720
1745505557772 354359.7 721
1745505567809 354359.7 722
1745505577926 354359.7 723
1745505588724 354359.7 724
1745505598798 354359.7 725
1745505608909 354359.7 726
1745505618968 355128.7 727
1745505629011 354984.7 728
1745505639146 344752.8 729
1745505650445 344146.3 730
1745505660914 344146.3 731
1745505671012 344146.3 732
1745505681089 344146.7 733
1745505691148 344146.7 734
1745505701252 354468.4 735
1745505711309 354468.4 736
1745505721378 354468.4 737
1745505732892 354468.4 738
1745505743003 354468.4 739
1745505753068 354468.4 740
1745505763140 354795.4 741
1745505774009 354795.4 742
1745505784068 354795.4 743
1745505794114 354795.4 744
1745505804225 354795.4 745
1745505815517 354795.4 746
1745505825598 344754.1 747
1745505835711 344754.1 748
1745505845760 344754.5 749
1745505855807 354977.5 750
1745505865923 354977.5 751
1745505876120 354977.5 752
1745505886192 354831.3 753
1745505896319 355236.0 754
1745505906365 355236.0 755
1745505917384 355236.0 756
1745505927479 355236.0 757
1745505937531 355236.0 758
1745505947599 355236.0 759
1745505959683 355157.1 760
1745505969795 344348.1 761
1745505979854 344348.1 762
1745505989922 344348.1 763
1745506002327 344132.2 764
1745506012405 344132.6 765
1745506022457 354348.3 766
1745506032576 354766.9 767
1745506043788 354766.9 768
1745506053863 354766.9 769
1745506063908 355354.6 770
1745506074016 355354.6 771
1745506084071 355354.6 772
1745506094103 355354.6 773
1745506104237 355354.6 774
1745506117209 355354.6 775
1745506127274 345006.9 776
1745506137388 344692.6 777
1745506147455 344692.6 778
1745506157538 344580.7 779
1745506169178 344581.1 780
1745506179294 344913.1 781
1745506189364 355145.3 782
1745506199419 355145.3 783
1745506209523 355145.3 784
1745506219578 355145.3 785
1745506229624 355145.3 786
1745506239746 355145.3 787
1745506249784 355145.8 788
1745506259836 355254.7 789
1745506269962 344987.8 790
1745506280061 355316.1 791
1745506290122 344857.0 792
1745506300264 344857.0 793
1745506310299 344857.0 794
1745506320384 344857.4 795
1745506330485 344857.4 796
1745506340567 355177.3 797
1745506350622 355177.3 798
1745506360728 355177.3 799
1745506370777 355177.3 800
1745506380821 355412.2 801
1745506390931 355412.2 802
1745506401251 355412.2 803
1745506411324 355412.2 804
1745506421461 345001.5 805
1745506432074 355227.4 806
1745506442142 345174.5 807
1745506452246 344875.8 808
1745506462306 344875.8 809
1745506472376 344875.8 810
1745506482494 344876.2 811
1745506492563 355187.0 812
1745506503875 355187.0 813
1745506514008 355187.0 814
1745506524116 355187.0 815
1745506534170 355187.0 816
1745506544224 355486.7 817
1745506554326 355548.1 818
1745506564375 355454.3 819
1745506574434 355454.3 820
1745506586128 355454.3 821
1745506596164 355454.3 822
1745506606201 355454.3 823
1745506616305 344943.6 824
1745506626792 344943.6 825
1745506636892 344943.6 826
1745506646997 344905.1 827
1745506657474 355197.2 828
1745506667522 355197.2 829
1745506677655 345387.6 830
1745506687714 355598.4 831
1745506697761 355598.4 832
1745506708559 355598.4 833
1745506718602 355598.4 834
1745506728673 355598.4 835
1745506738831 355598.6 836
1745506748876 355598.6 837
1745506759170 355598.6 838
1745506769294 355598.6 839
1745506779338 355598.6 840
1745506792469 355598.6 841
1745506803147 345600.1 842
1745506813944 345195.7 843
1745506824001 345195.7 844
1745506836877 345196.3 845
1745506846918 345236.6 846
1745506857035 345370.7 847
1745506867106 355690.7 848
1745506878202 355641.9 849
1745506888329 355641.9 850
1745506898389 355641.9 851
1745506908435 355641.9 852
1745506918558 355641.9 853
1745506928851 355641.9 854
1745506938914 355602.6 855
1745506949066 345644.1 856
1745506959109 355975.1 857
1745506970490 355975.1 858
1745506980563 355975.1 859
1745506990679 346085.5 860
1745507000798 346085.5 861
1745507011777 345495.5 862
1745507021902 345287.6 863
1745507031962 345288.2 864
1745507042028 355620.8 865
1745507052129 355620.8 866
1745507062373 355620.8 867
1745507072439 355620.8 868
1745507082561 345975.6 869
1745507092629 356264.7 870
1745507104089 356166.7 871
1745507114216 356166.7 872
1745507124260 356166.7 873
1745507134301 356166.7 874
1745507144417 356166.7 875
1745507154480 356166.7 876
