1745498227147 0.0 0
1745498237244 0.021542000000000172 1
1745498247270 0.03483700000000045 2
1745498257325 0.04784400000000044 3
1745498267448 0.05580500000000033 4
1745498277482 0.06408099999999983 5
1745498287524 0.10112499999999969 6
1745498297754 0.10333900000000007 7
1745498307848 0.12719599999999964 8
1745498317937 0.13012800000000002 9
1745498328012 0.13220900000000047 10
1745498338099 0.14624599999999965 11
1745498348141 0.1480940000000004 12
1745498358227 0.15208699999999986 13
1745498368315 0.153829 14
1745498378421 0.15676999999999985 15
1745498388506 0.15850000000000009 16
1745498398600 0.1617519999999999 17
1745498408743 0.17732300000000034 18
1745498418812 0.18443699999999996 19
1745498428861 0.19019500000000011 20
1745498438947 0.1932830000000001 21
1745498448987 0.20608300000000046 22
1745498459103 0.21301300000000012 23
1745498469148 0.22895999999999983 24
1745498479170 0.23103500000000032 25
1745498489203 0.2439960000000001 26
1745498499285 0.24663699999999977 27
1745498509313 0.24799400000000027 28
1745498519343 0.26974500000000035 29
1745498529467 0.28530000000000033 30
1745498539496 0.2909430000000004 31
1745498549724 0.29247400000000034 32
1745498559973 0.29396100000000036 33
1745498570133 0.30186899999999994 34
1745498580176 0.30567100000000025 35
1745498590264 0.3228800000000005 36
1745498600302 0.325234 37
1745498610339 0.32692600000000027 38
1745498620481 0.3283319999999996 39
1745498630530 0.3308270000000002 40
1745498640550 0.34153199999999995 41
1745498650892 0.36579799999999985 42
1745498660938 0.37511399999999995 43
1745498670967 0.3880629999999998 44
1745498681062 0.38965600000000045 45
1745498691100 0.398161 46
1745498701137 0.4000219999999999 47
1745498711286 0.4018120000000005 48
1745498721323 0.4040429999999997 49
1745498731358 0.40512499999999996 50
1745498741603 0.407146 51
1745498751631 0.4097369999999998 52
1745498761773 0.4118320000000004 53
1745498771898 0.42726799999999976 54
1745498781944 0.43646100000000043 55
1745498791981 0.4383360000000005 56
1745498802115 0.4497850000000003 57
1745498812245 0.4572219999999998 58
1745498822267 0.47319200000000006 59
1745498832524 0.4748330000000003 60
1745498842551 0.48047400000000007 61
1745498852595 0.4822090000000001 62
1745498862667 0.48338199999999976 63
1745498872697 0.48601199999999967 64
1745498882732 0.4887610000000002 65
1745498892825 0.5090760000000003 66
1745498902860 0.5209700000000002 67
1745498912900 0.5286900000000001 68
1745498923042 0.5303769999999997 69
1745498933076 0.5378150000000002 70
1745498943108 0.539803 71
1745498953210 0.550662 72
1745498963255 0.5527880000000005 73
1745498973296 0.5647339999999996 74
1745498983374 0.5658320000000003 75
1745498993408 0.568689 76
1745499003454 0.5707019999999998 77
1745499013559 0.5948349999999998 78
1745499023586 0.5969249999999997 79
1745499033616 0.6006540000000005 80
1745499043718 0.6018210000000002 81
1745499053746 0.6112380000000002 82
1745499063786 0.6152660000000001 83
1745499073913 0.6170280000000004 84
1745499083933 0.6190280000000001 85
1745499093980 0.6211039999999999 86
1745499104084 0.6226349999999998 87
1745499114117 0.6240120000000005 88
1745499124150 0.6431639999999996 89
1745499134203 0.6585640000000001 90
1745499144333 0.6656719999999998 91
1745499154352 0.6669739999999997 92
1745499164389 0.6685800000000004 93
1745499174468 0.707732 94
1745499184507 0.7105160000000001 95
1745499194538 0.7124120000000005 96
1745499204668 0.7349569999999996 97
1745499214704 0.747071 98
1745499224737 0.748767 99
1745499234861 0.7521560000000003 100
1745499244898 0.7621630000000001 101
1745499254948 0.7880409999999998 102
1745499265046 0.8039690000000004 103
1745499275084 0.8159130000000001 104
1745499285116 0.8175949999999998 105
1745499295235 0.8235669999999997 106
1745499305255 0.8262840000000002 107
1745499315291 0.832929 108
1745499325395 0.8351439999999997 109
1745499335428 0.8369499999999999 110
1745499345471 0.8387970000000005 111
1745499355549 0.8406450000000003 112
1745499365578 0.842816 113
1745499375625 0.8582510000000001 114
1745499385717 0.8605679999999998 115
1745499395769 0.8624289999999997 116
1745499405805 0.8733370000000003 117
1745499415913 0.8804720000000001 118
1745499425954 0.8829209999999996 119
1745499435986 0.8845780000000003 120
1745499446366 0.9007009999999998 121
1745499456458 0.9080149999999998 122
1745499466884 0.9191849999999997 123
1745499477561 0.9210140000000004 124
1745499487587 0.9250749999999996 125
1745499497631 0.9408430000000001 126
1745499507739 0.9571940000000003 127
1745499517765 0.9593850000000002 128
1745499527800 0.9713380000000003 129
1745499537884 0.9782679999999999 130
1745499547915 0.9846260000000004 131
1745499557956 0.9958720000000003 132
1745499568095 1.005788 133
1745499578122 1.0079960000000003 134
1745499588252 1.0098060000000002 135
1745499598411 1.0115480000000003 136
1745499608456 1.0213960000000002 137
1745499618510 1.059894 138
1745499628639 1.061585 139
1745499638698 1.067171 140
1745499648744 1.0693479999999997 141
1745499658859 1.0749830000000005 142
1745499668902 1.0765260000000003 143
1745499678949 1.087714 144
1745499689063 1.0894459999999997 145
1745499699104 1.0913209999999998 146
1745499709163 1.0950499999999996 147
1745499719243 1.096724 148
1745499729302 1.0982960000000004 149
1745499739356 1.1148290000000003 150
1745499749460 1.1265830000000001 151
1745499759502 1.1283599999999998 152
1745499769556 1.1303330000000003 153
1745499779647 1.137333 154
1745499789681 1.138896 155
1745499799723 1.1728750000000003 156
1745499810141 1.2043359999999996 157
1745499820185 1.2214739999999997 158
1745499830224 1.2333160000000003 159
1745499840328 1.2434849999999997 160
1745499850359 1.2449269999999997 161
1745499860403 1.2789549999999998 162
1745499870514 1.2809090000000003 163
1745499880556 1.2829120000000005 164
1745499890600 1.285031 165
1745499900725 1.302245 166
1745499910810 1.3043199999999997 167
1745499920871 1.3072049999999997 168
1745499930913 1.318778 169
1745499941178 1.3345380000000002 170
1745499951281 1.3365299999999998 171
1745499961326 1.3381910000000001 172
1745499971421 1.3416569999999997 173
1745499981494 1.3590900000000001 174
1745499991547 1.360951 175
1745500001636 1.3685460000000003 176
1745500011684 1.3813240000000002 177
1745500021705 1.3869220000000002 178
1745500031801 1.388719 179
1745500041838 1.3932400000000005 180
1745500051879 1.3951970000000005 181
1745500062005 1.3968879999999997 182
1745500072050 1.3986939999999999 183
1745500082099 1.4003139999999998 184
1745500092185 1.4019760000000003 185
1745500102257 1.425725 186
1745500112630 1.4278320000000004 187
1745500122750 1.4298409999999997 188
1745500132800 1.4319119999999996 189
1745500142840 1.4590360000000002 190
1745500152943 1.4605670000000002 191
1745500162981 1.4847320000000002 192
1745500173016 1.4899760000000004 193
1745500183102 1.491663 194
1745500193151 1.4935280000000004 195
1745500203202 1.4950349999999997 196
1745500213309 1.4968190000000003 197
1745500223353 1.5351470000000003 198
1745500233407 1.5373580000000002 199
1745500243508 1.5389600000000003 200
1745500253561 1.5417990000000001 201
1745500263613 1.5547890000000004 202
1745500273934 1.5563950000000002 203
1745500283989 1.559361 204
1745500294047 1.5741380000000005 205
1745500304160 1.5757399999999997 206
1745500314207 1.5774439999999998 207
1745500324427 1.5795690000000002 208
1745500334561 1.5814390000000005 209
1745500344622 1.599913 210
1745500354667 1.6020690000000002 211
1745500364763 1.6032520000000003 212
1745500374804 1.605117 213
1745500384852 1.612761 214
1745500394963 1.6234419999999998 215
1745500404998 1.6262680000000005 216
1745500415112 1.6282180000000004 217
1745500425218 1.6298200000000005 218
1745500435726 1.6327850000000002 219
1745500445795 1.6434050000000004 220
1745500456426 1.6686189999999996 221
1745500466479 1.7036240000000005 222
1745500477142 1.709746 223
1745500487199 1.712249 224
1745500497677 1.7138549999999997 225
1745500508422 1.7224459999999997 226
1745500518474 1.7334190000000005 227
1745500528567 1.7352720000000001 228
1745500538607 1.7371670000000003 229
1745500548647 1.7391290000000001 230
1745500558800 1.7408200000000003 231
1745500568837 1.7442390000000003 232
1745500578888 1.7544450000000005 233
1745500589084 1.7804590000000005 234
1745500599373 1.7824530000000003 235
1745500609412 1.7936449999999997 236
1745500619519 1.7972280000000005 237
1745500629546 1.8045670000000005 238
1745500640372 1.8128739999999999 239
1745500650467 1.816814 240
1745500660516 1.8187509999999998 241
1745500670557 1.820557 242
1745500680680 1.822412 243
1745500690718 1.8245000000000005 244
1745500700769 1.8309790000000001 245
1745500711304 1.8471760000000002 246
1745500721353 1.8490279999999997 247
1745500731393 1.8503850000000002 248
1745500741479 1.8520760000000003 249
1745500751536 1.8594210000000002 250
1745500761573 1.8809240000000003 251
1745500771667 1.883852 252
1745500781714 1.8856580000000003 253
1745500791943 1.8869740000000004 254
1745500802054 1.8888600000000002 255
1745500812095 1.8905310000000002 256
1745500822116 1.9133830000000005 257
1745500832672 1.9285160000000001 258
1745500842794 1.9321970000000004 259
1745500852834 1.933529 260
1745500862883 1.9373130000000005 261
1745500873017 1.9442890000000004 262
1745500883056 1.9598680000000002 263
1745500893106 1.9663779999999997 264
1745500903267 1.984541 265
1745500913320 1.9859540000000004 266
1745500923370 1.9880459999999998 267
1745500933475 1.9895769999999997 268
1745500943911 2.0074560000000004 269
1745500953957 2.010261 270
1745500964899 2.012023 271
1745500974929 2.027241 272
1745500984985 2.029243 273
1745500995071 2.0360500000000004 274
1745501005114 2.073202 275
1745501015161 2.0787690000000003 276
1745501025274 2.09035 277
1745501035321 2.0986279999999997 278
1745501045345 2.119143 279
1745501055475 2.1208080000000002 280
1745501065524 2.1849689999999997 281
1745501075563 2.206246 282
1745501085659 2.207923 283
1745501095699 2.209239 284
1745501105734 2.2169670000000004 285
1745501116379 2.2298419999999997 286
1745501126426 2.265435 287
1745501136461 2.2682910000000005 288
1745501146649 2.2706280000000003 289
1745501156691 2.271655 290
1745501166715 2.275226 291
1745501176833 2.2770349999999997 292
1745501186860 2.299963 293
1745501196917 2.311146 294
1745501207023 2.318665 295
1745501217067 2.3290550000000003 296
1745501227110 2.331022 297
1745501237828 2.3394320000000004 298
1745501247849 2.3674850000000003 299
1745501257900 2.3722960000000004 300
1745501268033 2.3743369999999997 301
1745501278068 2.375438 302
1745501288109 2.385623 303
1745501298235 2.3981339999999998 304
1745501308271 2.413404 305
1745501318307 2.4161280000000005 306
1745501328407 2.4316060000000004 307
1745501338455 2.4331370000000003 308
1745501349029 2.4393029999999998 309
1745501359071 2.453843 310
1745501369353 2.46173 311
1745501379406 2.476184 312
1745501389430 2.478306 313
1745501399617 2.479418 314
1745501409666 2.498347 315
1745501419702 2.526413 316
1745501429843 2.5612780000000006 317
1745501439886 2.5693770000000002 318
1745501449927 2.573073 319
1745501460096 2.5869489999999997 320
1745501470137 2.5885419999999995 321
1745501480162 2.621321000000001 322
1745501490284 2.622998 323
1745501500333 2.625573 324
1745501510376 2.627676 325
1745501520802 2.6395910000000002 326
1745501531232 2.641832 327
1745501541270 2.666652 328
1745501551382 2.6856669999999996 329
1745501561435 2.688447000000001 330
1745501571479 2.690664000000001 331
1745501581577 2.6992599999999998 332
1745501591614 2.7108610000000004 333
1745501601646 2.7210270000000003 334
1745501612409 2.7230309999999998 335
1745501622447 2.7255469999999997 336
1745501632494 2.7273520000000007 337
1745501642748 2.731231 338
1745501652786 2.7408139999999994 339
1745501663130 2.7517889999999996 340
1745501673221 2.768249 341
1745501683253 2.7908599999999995 342
1745501693310 2.7928710000000008 343
1745501703423 2.794911 344
1745501713467 2.801576 345
1745501723507 2.8163139999999993 346
1745501733594 2.818174 347
1745501743647 2.8343929999999995 348
1745501753692 2.836384 349
1745501763790 2.8401070000000006 350
1745501773831 2.841386000000001 351
1745501783877 2.843516 352
1745501793993 2.8589890000000002 353
1745501804051 2.8696539999999997 354
1745501814905 2.880928 355
1745501825305 2.8891490000000006 356
1745501837148 2.8973699999999996 357
1745501847196 2.9172009999999995 358
1745501857237 2.919116 359
1745501867332 2.9212309999999997 360
1745501877371 2.922917000000001 361
1745501887407 2.9250689999999997 362
1745501897495 2.9271149999999997 363
1745501907548 2.9504150000000005 364
1745501917583 2.974844 365
1745501927680 2.97699 366
1745501937732 2.978943 367
1745501947780 2.9809799999999997 368
1745501957895 2.991986 369
1745501967952 2.9955360000000004 370
1745501977973 2.9970240000000006 371
1745501988079 2.9997689999999997 372
1745501998099 3.0111090000000003 373
1745502008154 3.0130290000000004 374
1745502018262 3.015389 375
1745502028303 3.0172529999999993 376
1745502038342 3.03231 377
1745502048433 3.035208 378
1745502058478 3.0369660000000005 379
1745502068523 3.050815000000001 380
1745502078705 3.0583 381
1745502088942 3.0625349999999996 382
1745502098995 3.064481 383
1745502109086 3.0670460000000004 384
1745502119131 3.0686480000000005 385
1745502129294 3.0706990000000003 386
1745502139474 3.0730429999999993 387
1745502149507 3.0743979999999995 388
1745502159542 3.0898010000000005 389
1745502169629 3.0924369999999994 390
1745502179678 3.0940529999999997 391
1745502189723 3.096044 392
1745502199843 3.1171689999999996 393
1745502209895 3.118271000000001 394
1745502219917 3.120006000000001 395
1745502230021 3.1227869999999998 396
1745502240051 3.126087000000001 397
1745502250109 3.1388729999999994 398
1745502260247 3.1532489999999997 399
1745502270377 3.1629359999999993 400
1745502280444 3.182328000000001 401
1745502290555 3.1850080000000007 402
1745502300602 3.1968059999999996 403
1745502310651 3.202852000000001 404
1745502320738 3.210121 405
1745502330952 3.254074 406
1745502341688 3.2559829999999996 407
1745502351741 3.2799710000000006 408
1745502361938 3.3695449999999996 409
1745502371984 3.4054899999999995 410
1745502382029 3.422522 411
1745502392990 3.429519 412
1745502403511 3.4404119999999994 413
1745502414062 3.453893 414
1745502424160 3.4576780000000005 415
1745502434212 3.503405 416
1745502444615 3.6904790000000007 417
1745502454728 3.6919960000000005 418
1745502464767 3.6935270000000004 419
1745502474804 3.6961629999999994 420
1745502484923 3.6984699999999995 421
1745502494965 3.700189000000001 422
1745502505003 3.7245359999999996 423
1745502515091 3.963297 424
1745502525145 3.9661619999999997 425
1745502535184 3.9688950000000007 426
1745502546259 3.975395 427
1745502557037 3.9770820000000002 428
1745502567920 3.9985430000000006 429
1745502577957 4.000535 430
1745502588470 4.008242999999999 431
1745502598515 4.051775 432
1745502608553 4.059062 433
1745502618647 4.071434000000001 434
1745502628704 4.0731910000000005 435
1745502638743 4.090967 436
1745502648885 4.092374 437
1745502658932 4.110497 438
1745502668973 4.1139470000000005 439
1745502679079 4.116159000000001 440
1745502689117 4.121806 441
1745502699511 4.123617 442
1745502709633 4.125512 443
1745502720098 4.127623000000001 444
1745502730149 4.129729 445
1745502740247 4.1319349999999995 446
1745502750292 4.139526000000001 447
1745502760332 4.141659 448
1745502770419 4.156740999999999 449
1745502780467 4.1724559999999995 450
1745502790542 4.174321 451
1745502800652 4.194598999999999 452
1745502810708 4.2087259999999995 453
1745502820772 4.210603 454
1745502830887 4.212103999999999 455
1745502840929 4.216214 456
1745502851856 4.225102000000001 457
1745502861931 4.254791999999999 458
1745502872038 4.256958999999999 459
1745502882089 4.264443000000001 460
1745502892184 4.266037 461
1745502903267 4.282266000000001 462
1745502913334 4.284247 463
1745502923371 4.322435 464
1745502933907 4.324330000000001 465
1745502943961 4.326019 466
1745502954021 4.327985000000001 467
1745502964130 4.3469240000000005 468
1745502974179 4.3564680000000005 469
1745502984216 4.358554000000001 470
1745502994359 4.375088000000001 471
1745503005060 4.376760999999999 472
1745503015118 4.401084 473
1745503025263 4.403772000000001 474
1745503035315 4.4057129999999995 475
1745503045369 4.41406 476
1745503056230 4.416080999999999 477
1745503066295 4.419961 478
1745503076351 4.421771000000001 479
1745503086846 4.424527 480
1745503096892 4.4265479999999995 481
1745503106953 4.436219 482
1745503117055 4.43761 483
1745503127099 4.4394160000000005 484
1745503137142 4.455017000000001 485
1745503147273 4.457617 486
1745503157521 4.464144 487
1745503168471 4.476508999999999 488
1745503178510 4.478973000000001 489
1745503188624 4.483645999999999 490
1745503198661 4.485555000000001 491
1745503209275 4.488446000000001 492
1745503219410 4.506844 493
1745503229498 4.530698 494
1745503240477 4.538764 495
1745503250592 4.540671000000001 496
1745503260644 4.5579410000000005 497
1745503270730 4.560258999999999 498
1745503280865 4.5790999999999995 499
1745503290933 4.5897239999999995 500
1745503301013 4.591534 501
1745503311981 4.593425000000001 502
1745503322090 4.595451 503
1745503332155 4.599304000000001 504
1745503342274 4.601465 505
1745503352336 4.603271 506
1745503363228 4.6049619999999996 507
1745503373272 4.606954000000001 508
1745503383389 4.6224870000000005 509
1745503393784 4.625171000000001 510
1745503403865 4.628053 511
1745503413985 4.634925 512
1745503425104 4.636531000000001 513
1745503435149 4.639876 514
1745503445267 4.642164 515
1745503455322 4.6515320000000004 516
1745503465356 4.6619850000000005 517
1745503475463 4.664000000000001 518
1745503485514 4.682721 519
1745503495568 4.684612 520
1745503505676 4.7002 521
1745503516815 4.7028430000000006 522
1745503526864 4.705137 523
1745503536965 4.712575999999999 524
1745503547012 4.724654 525
1745503557129 4.728103999999999 526
1745503567235 4.731012000000001 527
1745503577275 4.7328730000000006 528
1745503587326 4.747741 529
1745503597704 4.749602 530
1745503607752 4.751411999999999 531
1745503617808 4.7772619999999995 532
1745503630174 4.778766 533
1745503640266 4.8102849999999995 534
1745503650334 4.821253 535
1745503660382 4.8275250000000005 536
1745503671296 4.837636000000001 537
1745503681330 4.8393679999999994 538
1745503691368 4.841353000000001 539
1745503701471 4.8560609999999995 540
1745503711515 4.858626 541
1745503721561 4.8603879999999995 542
1745503731678 4.862288 543
1745503742785 4.877346999999999 544
1745503752841 4.894194 545
1745503762965 4.896583000000001 546
1745503773008 4.908550000000001 547
1745503783425 4.912185 548
1745503793550 4.914005 549
1745503803615 4.915437 550
1745503813663 4.917055 551
1745503823723 4.919432 552
1745503833871 4.922039000000001 553
1745503843912 4.9239109999999995 554
1745503854456 4.935772000000001 555
1745503864557 4.952561 556
1745503874620 4.954307000000001 557
1745503884669 4.956836999999999 558
1745503894796 4.978739 559
1745503904846 4.980341 560
1745503914883 4.982206000000001 561
1745503924969 4.984253 562
1745503935009 4.985354999999999 563
1745503945054 5.003994 564
1745503955154 5.006614 565
1745503965190 5.008216 566
1745503975225 5.010110999999999 567
1745503985346 5.02564 568
1745503995395 5.026827 569
1745504005748 5.036371999999999 570
1745504015902 5.049798 571
1745504025940 5.0514850000000004 572
1745504035980 5.054934 573
1745504046091 5.057279 574
1745504056136 5.068485 575
1745504066188 5.078894000000001 576
1745504077388 5.081646 577
1745504088249 5.099844999999999 578
1745504098335 5.1023559999999994 579
1745504108903 5.124268 580
1745504118945 5.137023999999999 581
1745504128993 5.139193 582
1745504139096 5.156451 583
1745504149327 5.1586240000000005 584
1745504159395 5.170072 585
1745504169459 5.173031000000001 586
1745504179566 5.1834549999999995 587
1745504189603 5.185057 588
1745504199647 5.186953 589
1745504209778 5.189514999999999 590
1745504219819 5.200413 591
1745504229870 5.2161409999999995 592
1745504240045 5.220840999999999 593
1745504250112 5.221958 594
1745504260150 5.228124 595
1745504270260 5.2308259999999995 596
1745504280310 5.232487 597
1745504290369 5.234319999999999 598
1745504300483 5.2512300000000005 599
1745504310996 5.2527610000000005 600
1745504321069 5.254783000000001 601
1745504331173 5.257274 602
1745504341232 5.258951000000001 603
1745504351280 5.274495000000001 604
1745504361383 5.283627 605
1745504371439 5.2889919999999995 606
1745504381484 5.3008619999999995 607
1745504391599 5.303399 608
1745504401643 5.305421 609
1745504412183 5.311558000000001 610
1745504422273 5.313529 611
1745504432309 5.315352 612
1745504442354 5.317082999999999 613
1745504452473 5.319866 614
1745504463182 5.332 615
1745504473244 5.3509649999999995 616
1745504483387 5.353117999999999 617
1745504493445 5.354349999999999 618
1745504504172 5.361434 619
1745504514291 5.369992000000001 620
1745504524334 5.37217 621
1745504534368 5.373743 622
1745504545765 5.377951 623
1745504555896 5.380821 624
1745504565940 5.395051 625
1745504576003 5.397669 626
1745504587887 5.413436 627
1745504597962 5.422614 628
1745504608018 5.436856 629
1745504618126 5.446193999999999 630
1745504628294 5.4548309999999995 631
1745504638347 5.457619 632
1745504648454 5.469589 633
1745504658508 5.496875999999999 634
1745504668569 5.523356000000001 635
1745504678679 5.533105 636
1745504688743 5.541165 637
1745504701065 5.547497000000001 638
1745504711136 5.574579000000001 639
1745504722091 5.577838000000001 640
1745504732136 5.583355 641
1745504742215 5.604883 642
1745504752324 5.616206000000001 643
1745504762376 5.621379 644
1745504773455 5.623584 645
1745504783566 5.636161 646
1745504793623 5.638046 647
1745504803675 5.6397330000000006 648
1745504813932 5.6415429999999995 649
1745504823966 5.659203000000001 650
1745504834004 5.674841 651
1745504844098 5.67641 652
1745504854516 5.678392 653
1745504864571 5.687722999999999 654
1745504874698 5.6895929999999995 655
1745504884766 5.692756999999999 656
1745504895987 5.694362000000001 657
1745504906045 5.7034329999999995 658
1745504916191 5.707071999999999 659
1745504926235 5.709838 660
1745504936735 5.711649 661
1745504946845 5.728226 662
1745504956902 5.734520000000001 663
1745504966947 5.758640000000001 664
1745504977059 5.760767 665
1745504987107 5.767689 666
1745504997158 5.7802370000000005 667
1745505009872 5.7829939999999995 668
1745505019920 5.82871 669
1745505029967 5.876058 670
1745505040081 5.883854 671
1745505050967 5.898002000000001 672
1745505061040 5.901542 673
1745505071122 5.918052 674
1745505081219 5.934724999999999 675
1745505091554 5.946224 676
1745505101628 5.952076000000001 677
1745505111757 5.9540429999999995 678
1745505121795 5.96427 679
1745505132615 5.974530000000001 680
1745505142730 5.977574 681
1745505152777 5.981304000000001 682
1745505162855 5.982920000000001 683
1745505172984 5.984727 684
1745505184293 5.986733 685
1745505194589 6.002833 686
1745505207613 6.005108000000001 687
1745505217736 6.022799 688
1745505227788 6.03014 689
1745505237830 6.047287 690
1745505248445 6.048965999999999 691
1745505258501 6.06389 692
1745505268541 6.092439 693
1745505278634 6.1092070000000005 694
1745505289009 6.111070000000001 695
1745505299073 6.113128000000001 696
1745505309194 6.12966 697
1745505319631 6.137201 698
1745505329718 6.138969 699
1745505339843 6.140849 700
1745505350088 6.146681999999999 701
1745505361501 6.149928 702
1745505372579 6.154179999999999 703
1745505382702 6.176025 704
1745505392776 6.184956000000001 705
1745505402854 6.196442 706
1745505413698 6.1977269999999995 707
1745505423768 6.209053 708
1745505433839 6.225005 709
1745505443948 6.235589999999999 710
1745505454615 6.2372939999999994 711
1745505464680 6.245591999999999 712
1745505474789 6.247241 713
1745505484850 6.254662000000001 714
1745505494915 6.256903 715
1745505506385 6.267226 716
1745505516453 6.269202000000001 717
1745505526509 6.291607999999999 718
1745505536626 6.314521 719
1745505547700 6.316559000000001 720
1745505557772 6.333167 721
1745505567809 6.347425 722
1745505577926 6.3492299999999995 723
1745505588724 6.356587 724
1745505598798 6.359921000000001 725
1745505608909 6.361801000000001 726
1745505618968 6.364978 727
1745505629011 6.3665519999999995 728
1745505639146 6.36807 729
1745505650445 6.369966000000001 730
1745505660914 6.373367000000001 731
1745505671012 6.388927 732
1745505681089 6.391504 733
1745505691148 6.410706 734
1745505701252 6.412534999999999 735
1745505711309 6.429941 736
1745505721378 6.430881 737
1745505732892 6.438557 738
1745505743003 6.459658999999999 739
1745505753068 6.464939 740
1745505763140 6.466765 741
1745505774009 6.468785 742
1745505784068 6.470434 743
1745505794114 6.4859990000000005 744
1745505804225 6.529789 745
1745505815517 6.536612000000001 746
1745505825598 6.5378490000000005 747
1745505835711 6.549652000000001 748
1745505845760 6.551737 749
1745505855807 6.556018000000001 750
1745505865923 6.564345 751
1745505876120 6.585420999999999 752
1745505886192 6.6103309999999995 753
1745505896319 6.611762 754
1745505906365 6.613861000000001 755
1745505917384 6.629259 756
1745505927479 6.6470899999999995 757
1745505937531 6.648836 758
1745505947599 6.650817000000001 759
1745505959683 6.6572070000000005 760
1745505969795 6.661214999999999 761
1745505979854 6.669568000000001 762
1745505989922 6.67204 763
1745506002327 6.673689 764
1745506012405 6.676124000000001 765
1745506022457 6.687872 766
1745506032576 6.712527000000001 767
1745506043788 6.7236970000000005 768
1745506053863 6.7280240000000004 769
1745506063908 6.7295810000000005 770
1745506074016 6.7354840000000005 771
1745506084071 6.7367 772
1745506094103 6.738304 773
1745506104237 6.768312000000001 774
1745506117209 6.7741999999999996 775
1745506127274 6.7762780000000005 776
1745506137388 6.778085 777
1745506147455 6.779890000000001 778
1745506157538 6.795516 779
1745506169178 6.810707 780
1745506179294 6.820274 781
1745506189364 6.8221359999999995 782
1745506199419 6.829146000000001 783
1745506209523 6.830514 784
1745506219578 6.836646000000001 785
1745506229624 6.83809 786
1745506239746 6.8405689999999995 787
1745506249784 6.842474999999999 788
1745506259836 6.844448000000001 789
1745506269962 6.845818 790
1745506280061 6.863231 791
1745506290122 6.864745999999999 792
1745506300264 6.867365 793
1745506310299 6.869084999999999 794
1745506320384 6.8814470000000005 795
1745506330485 6.893434 796
1745506340567 6.903613000000001 797
1745506350622 6.912985999999999 798
1745506360728 6.91471 799
1745506370777 6.932136000000001 800
1745506380821 6.9337089999999995 801
1745506390931 6.935772000000001 802
1745506401251 6.9650989999999995 803
1745506411324 6.977163999999999 804
1745506421461 6.984801999999999 805
1745506432074 6.987457999999999 806
1745506442142 6.997636000000001 807
1745506452246 6.999512999999999 808
1745506462306 7.0460590000000005 809
1745506472376 7.080322 810
1745506482494 7.086295000000001 811
1745506492563 7.091978999999999 812
1745506503875 7.09383 813
1745506514008 7.0980739999999996 814
1745506524116 7.123157999999999 815
1745506534170 7.124878 816
1745506544224 7.126397 817
1745506554326 7.145588000000001 818
1745506564375 7.14685 819
1745506574434 7.148542 820
1745506586128 7.15051 821
1745506596164 7.152315000000001 822
1745506606201 7.153834000000001 823
1745506616305 7.156364000000001 824
1745506626792 7.173424 825
1745506636892 7.19293 826
1745506646997 7.200202999999999 827
1745506657474 7.202711 828
1745506667522 7.211961 829
1745506677655 7.219531000000001 830
1745506687714 7.221255 831
1745506697761 7.222873000000001 832
1745506708559 7.224501000000001 833
1745506718602 7.226439 834
1745506728673 7.228248 835
1745506738831 7.232408 836
1745506748876 7.2382979999999995 837
1745506759170 7.254180000000001 838
1745506769294 7.267182000000001 839
1745506779338 7.269017000000001 840
1745506792469 7.270812 841
1745506803147 7.2807889999999995 842
1745506813944 7.28235 843
1745506824001 7.302285 844
1745506836877 7.319774 845
1745506846918 7.321624000000001 846
1745506857035 7.324008999999999 847
1745506867106 7.325909 848
1745506878202 7.327718 849
1745506888329 7.3589329999999995 850
1745506898389 7.360582 851
1745506908435 7.366801 852
1745506918558 7.3801499999999995 853
1745506928851 7.382110999999999 854
1745506938914 7.384243000000001 855
1745506949066 7.395836999999999 856
1745506959109 7.399419000000001 857
1745506970490 7.401214 858
1745506980563 7.403771 859
1745506990679 7.405062 860
1745507000798 7.420738000000001 861
1745507011777 7.426915999999999 862
1745507021902 7.4287160000000005 863
1745507031962 7.430596 864
1745507042028 7.442763 865
1745507052129 7.444438000000001 866
1745507062373 7.446147000000001 867
1745507072439 7.465979 868
1745507082561 7.467609 869
1745507092629 7.480587000000001 870
1745507104089 7.483076 871
1745507114216 7.504344000000001 872
1745507124260 7.520562000000001 873
1745507134301 7.5231140000000005 874
1745507144417 7.524629 875
1745507154480 7.527864 876
