1745498227147 0.0 0
1745498237244 0.027612999999995225 1
1745498247270 0.05667299999999642 2
1745498257325 0.06488199999999722 3
1745498267448 0.0771169999999941 4
1745498277482 0.09720999999999691 5
1745498287524 0.19182899999999847 6
1745498297754 0.19355099999999936 7
1745498307848 0.20914099999999536 8
1745498317937 0.21175599999999406 9
1745498328012 0.22615199999999902 10
1745498338099 0.23942199999999758 11
1745498348141 0.24636100000000027 12
1745498358227 0.25997199999999765 13
1745498368315 0.2650299999999959 14
1745498378421 0.2720299999999938 15
1745498388506 0.2741799999999941 16
1745498398600 0.2854119999999938 17
1745498408743 0.28733299999999673 18
1745498418812 0.29519399999999507 19
1745498428861 0.30630399999999725 20
1745498438947 0.3118689999999944 21
1745498448987 0.3240300000000005 22
1745498459103 0.32950299999999544 23
1745498469148 0.35055899999999696 24
1745498479170 0.3576479999999975 25
1745498489203 0.3656310000000005 26
1745498499285 0.36697699999999855 27
1745498509313 0.3682619999999943 28
1745498519343 0.3825089999999989 29
1745498529467 0.3883769999999984 30
1745498539496 0.3918469999999985 31
1745498549724 0.39406599999999514 32
1745498559973 0.39611499999999467 33
1745498570133 0.40240599999999915 34
1745498580176 0.41842999999999364 35
1745498590264 0.5192610000000002 36
1745498600302 0.5268379999999979 37
1745498610339 0.5473839999999939 38
1745498620481 0.5594439999999992 39
1745498630530 0.5710269999999937 40
1745498640550 0.5810579999999987 41
1745498650892 0.5892959999999974 42
1745498660938 0.5972639999999956 43
1745498670967 0.605440999999999 44
1745498681062 0.6224889999999945 45
1745498691100 0.6300219999999968 46
1745498701137 0.6352159999999998 47
1745498711286 0.6433239999999998 48
1745498721323 0.6450209999999998 49
1745498731358 0.648621999999996 50
1745498741603 0.651330999999999 51
1745498751631 0.6530439999999942 52
1745498761773 0.6545950000000005 53
1745498771898 0.6559209999999993 54
1745498781944 0.6654859999999942 55
1745498791981 0.666838999999996 56
1745498802115 0.6748029999999972 57
1745498812245 0.6847679999999983 58
1745498822267 0.694386999999999 59
1745498832524 0.7090089999999947 60
1745498842551 0.7156069999999985 61
1745498852595 0.7177189999999953 62
1745498862667 0.7198779999999942 63
1745498872697 0.7221909999999951 64
1745498882732 0.723554 65
1745498892825 0.7369229999999973 66
1745498902860 0.824311999999999 67
1745498912900 0.8311369999999982 68
1745498923042 0.849060999999999 69
1745498933076 0.8643929999999997 70
1745498943108 0.8659389999999973 71
1745498953210 0.8903609999999986 72
1745498963255 0.8919529999999938 73
1745498973296 0.9002759999999981 74
1745498983374 0.9014389999999963 75
1745498993408 0.9031529999999961 76
1745499003454 0.9088399999999979 77
1745499013559 0.9219650000000001 78
1745499023586 0.9377839999999935 79
1745499033616 0.9425099999999986 80
1745499043718 0.9447259999999957 81
1745499053746 0.9526859999999999 82
1745499063786 0.9603129999999993 83
1745499073913 0.9613119999999995 84
1745499083933 0.9622639999999976 85
1745499093980 0.9634459999999976 86
1745499104084 0.964386999999995 87
1745499114117 0.9653899999999993 88
1745499124150 0.9913379999999989 89
1745499134203 0.9931059999999974 90
1745499144333 0.9967449999999971 91
1745499154352 0.9976289999999963 92
1745499164389 1.0024429999999995 93
1745499174468 1.0174260000000004 94
1745499184507 1.0186999999999955 95
1745499194538 1.020778 96
1745499204668 1.0447559999999996 97
1745499214704 1.1382859999999937 98
1745499224737 1.151055999999997 99
1745499234861 1.1558749999999947 100
1745499244898 1.1637979999999999 101
1745499254948 1.1727139999999991 102
1745499265046 1.1892609999999948 103
1745499275084 1.1964209999999937 104
1745499285116 1.198176999999994 105
1745499295235 1.2044469999999947 106
1745499305255 1.2055589999999938 107
1745499315291 1.2285849999999954 108
1745499325395 1.2380089999999981 109
1745499335428 1.2399779999999936 110
1745499345471 1.241076999999997 111
1745499355549 1.2429209999999955 112
1745499365578 1.243902999999996 113
1745499375625 1.2543930000000003 114
1745499385717 1.256699999999995 115
1745499395769 1.2578169999999957 116
1745499405805 1.2666309999999967 117
1745499415913 1.2842209999999952 118
1745499425954 1.285815999999997 119
1745499435986 1.2868449999999996 120
1745499446366 1.2973169999999996 121
1745499456458 1.3045860000000005 122
1745499466884 1.3198329999999956 123
1745499477561 1.3211849999999998 124
1745499487587 1.3289569999999955 125
1745499497631 1.3453739999999996 126
1745499507739 1.3679469999999938 127
1745499517765 1.3892249999999962 128
1745499527800 1.472065999999998 129
1745499537884 1.4777899999999988 130
1745499547915 1.485835999999999 131
1745499557956 1.4936309999999935 132
1745499568095 1.5030999999999963 133
1745499578122 1.504405999999996 134
1745499588252 1.5053439999999938 135
1745499598411 1.5062099999999958 136
1745499608456 1.5161969999999982 137
1745499618510 1.5407549999999972 138
1745499628639 1.543067999999998 139
1745499638698 1.549394999999997 140
1745499648744 1.5525939999999991 141
1745499658859 1.5596499999999978 142
1745499668902 1.5617369999999937 143
1745499678949 1.5699849999999955 144
1745499689063 1.5713019999999958 145
1745499699104 1.5723199999999977 146
1745499709163 1.5839469999999949 147
1745499719243 1.5910879999999992 148
1745499729302 1.5922719999999941 149
1745499739356 1.593443999999998 150
1745499749460 1.6053849999999983 151
1745499759502 1.6062439999999967 152
1745499769556 1.6082579999999993 153
1745499779647 1.6141989999999993 154
1745499789681 1.6154109999999946 155
1745499799723 1.7173850000000002 156
1745499810141 1.7738869999999949 157
1745499820185 1.791007999999998 158
1745499830224 1.882635999999998 159
1745499840328 1.891883 160
1745499850359 1.892877999999996 161
1745499860403 1.9055579999999992 162
1745499870514 1.907823999999998 163
1745499880556 1.9089489999999998 164
1745499890600 1.9100809999999981 165
1745499900725 1.926444999999994 166
1745499910810 1.9389209999999935 167
1745499920871 1.940146999999996 168
1745499930913 1.9479159999999993 169
1745499941178 1.9678789999999964 170
1745499951281 1.9690219999999954 171
1745499961326 1.973789999999994 172
1745499971421 1.9774269999999987 173
1745499981494 1.980762999999996 174
1745499991547 1.9830289999999948 175
1745500001636 1.9940709999999982 176
1745500011684 2.0117369999999966 177
1745500021705 2.0190549999999945 178
1745500031801 2.019985999999996 179
1745500041838 2.028264 180
1745500051879 2.030258999999994 181
1745500062005 2.0311120000000003 182
1745500072050 2.031906999999997 183
1745500082099 2.0333189999999988 184
1745500092185 2.0350329999999985 185
1745500102257 2.0547169999999966 186
1745500112630 2.056272 187
1745500122750 2.0616640000000004 188
1745500132800 2.076501999999998 189
1745500142840 2.173814 190
1745500152943 2.1753709999999984 191
1745500162981 2.1918949999999953 192
1745500173016 2.1949219999999983 193
1745500183102 2.196639999999995 194
1745500193151 2.197632999999996 195
1745500203202 2.2107369999999946 196
1745500213309 2.212052 197
1745500223353 2.2369779999999935 198
1745500233407 2.238938999999995 199
1745500243508 2.2418129999999934 200
1745500253561 2.245369999999994 201
1745500263613 2.2635349999999974 202
1745500273934 2.2729439999999954 203
1745500283989 2.277431 204
1745500294047 2.286297999999995 205
1745500304160 2.3008369999999942 206
1745500314207 2.303521999999994 207
1745500324427 2.3047709999999952 208
1745500334561 2.305940999999997 209
1745500344622 2.3095399999999984 210
1745500354667 2.31109 211
1745500364763 2.311802 212
1745500374804 2.3131039999999956 213
1745500384852 2.3195359999999994 214
1745500394963 2.3384009999999975 215
1745500404998 2.343349999999994 216
1745500415112 2.344541999999997 217
1745500425218 2.345118999999997 218
1745500435726 2.348853999999996 219
1745500445795 2.372023999999996 220
1745500456426 2.4651309999999995 221
1745500466479 2.481150999999997 222
1745500477142 2.4850139999999996 223
1745500487199 2.4866869999999963 224
1745500497677 2.501390999999998 225
1745500508422 2.5101859999999974 226
1745500518474 2.515527999999996 227
1745500528567 2.517564 228
1745500538607 2.5188889999999944 229
1745500548647 2.5204379999999986 230
1745500558800 2.5220099999999945 231
1745500568837 2.530079999999998 232
1745500578888 2.5399010000000004 233
1745500589084 2.5508369999999942 234
1745500599373 2.5624039999999937 235
1745500609412 2.572359999999996 236
1745500619519 2.576653999999998 237
1745500629546 2.584004 238
1745500640372 2.5925569999999993 239
1745500650467 2.6012899999999988 240
1745500660516 2.6023159999999947 241
1745500670557 2.604381999999994 242
1745500680680 2.6056639999999973 243
1745500690718 2.616273999999997 244
1745500700769 2.623072999999998 245
1745500711304 2.6241329999999934 246
1745500721353 2.635196999999998 247
1745500731393 2.6369769999999946 248
1745500741479 2.6381289999999993 249
1745500751536 2.6535929999999937 250
1745500761573 2.7475489999999994 251
1745500771667 2.7500229999999988 252
1745500781714 2.7518539999999945 253
1745500791943 2.767118999999994 254
1745500802054 2.768191999999999 255
1745500812095 2.7689909999999998 256
1745500822116 2.783307999999998 257
1745500832672 2.7853609999999946 258
1745500842794 2.790523999999998 259
1745500852834 2.7915199999999984 260
1745500862883 2.799242999999997 261
1745500873017 2.8051729999999964 262
1745500883056 2.827104999999996 263
1745500893106 2.837246999999998 264
1745500903267 3.0778119999999944 265
1745500913320 3.078871999999997 266
1745500923370 3.083258999999998 267
1745500933475 3.085692999999999 268
1745500943911 3.0885529999999974 269
1745500953957 3.090726999999994 270
1745500964899 3.091561999999996 271
1745500974929 3.0988159999999993 272
1745500984985 3.1135949999999966 273
1745500995071 3.1250929999999997 274
1745501005114 3.1514879999999934 275
1745501015161 3.1581039999999945 276
1745501025274 3.172637999999999 277
1745501035321 3.1830349999999967 278
1745501045345 3.1981949999999983 279
1745501055475 3.1993889999999965 280
1745501065524 3.332011999999999 281
1745501075563 3.3507819999999953 282
1745501085659 3.371499 283
1745501095699 3.3732809999999986 284
1745501105734 3.3806879999999992 285
1745501116379 3.4066259999999957 286
1745501126426 3.436643999999994 287
1745501136461 3.4392529999999937 288
1745501146649 3.4416089999999997 289
1745501156691 3.442172999999997 290
1745501166715 3.4491629999999986 291
1745501176833 3.4671609999999973 292
1745501186860 3.477912999999994 293
1745501196917 3.4810389999999956 294
1745501207023 3.4885639999999967 295
1745501217067 3.4961309999999983 296
1745501227110 3.4973249999999965 297
1745501237828 3.506083999999994 298
1745501247849 3.551755 299
1745501257900 3.5613460000000003 300
1745501268033 3.562411999999995 301
1745501278068 3.577106999999998 302
1745501288109 3.5858849999999975 303
1745501298235 3.5959039999999973 304
1745501308271 3.597652999999994 305
1745501318307 3.598844999999997 306
1745501328407 3.614123999999997 307
1745501338455 3.6147220000000004 308
1745501349029 3.6218369999999993 309
1745501359071 3.631613999999999 310
1745501369353 3.644435999999999 311
1745501379406 3.6670589999999947 312
1745501389430 3.6682889999999944 313
1745501399617 3.6719459999999984 314
1745501409666 3.696553999999999 315
1745501419702 3.7394769999999937 316
1745501429843 3.7539019999999965 317
1745501439886 3.757194999999996 318
1745501449927 3.764140999999995 319
1745501460096 3.797117 320
1745501470137 3.806695999999995 321
1745501480162 3.8394659999999945 322
1745501490284 3.8404179999999997 323
1745501500333 3.8413699999999977 324
1745501510376 3.842501999999996 325
1745501520802 3.851301999999997 326
1745501531232 3.8535479999999964 327
1745501541270 3.869920999999998 328
1745501551382 3.872498 329
1745501561435 3.877471 330
1745501571479 3.893429999999995 331
1745501581577 3.9018019999999964 332
1745501591614 3.9255169999999993 333
1745501601646 3.9353969999999947 334
1745501612409 3.936676999999996 335
1745501622447 3.9474069999999983 336
1745501632494 3.9482889999999955 337
1745501642748 3.951504 338
1745501652786 3.9603189999999984 339
1745501663130 3.983138999999994 340
1745501673221 4.003284999999998 341
1745501683253 4.093031999999994 342
1745501693310 4.095222 343
1745501703423 4.096548999999996 344
1745501713467 4.102508999999998 345
1745501723507 4.218443999999998 346
1745501733594 4.221693999999999 347
1745501743647 4.230765999999996 348
1745501753692 4.232880999999999 349
1745501763790 4.245430999999996 350
1745501773831 4.2539449999999945 351
1745501783877 4.2562560000000005 352
1745501793993 4.257436999999996 353
1745501804051 4.266898999999995 354
1745501814905 4.285648999999999 355
1745501825305 4.2924289999999985 356
1745501837148 4.299682999999995 357
1745501847196 4.314293999999997 358
1745501857237 4.315308999999999 359
1745501867332 4.325437999999998 360
1745501877371 4.327020999999995 361
1745501887407 4.332314999999994 362
1745501897495 4.334495999999994 363
1745501907548 4.3530799999999985 364
1745501917583 4.360925999999999 365
1745501927680 4.364582999999996 366
1745501937732 4.365860999999995 367
1745501947780 4.36806 368
1745501957895 4.376165 369
1745501967952 4.394804999999998 370
1745501977973 4.395913999999998 371
1745501988079 4.405871999999995 372
1745501998099 4.4917059999999935 373
1745502008154 4.511564999999997 374
1745502018262 4.521735999999997 375
1745502028303 4.531220999999995 376
1745502038342 4.535786999999999 377
1745502048433 4.540234999999996 378
1745502058478 4.542104999999999 379
1745502068523 4.559402999999996 380
1745502078705 4.571821 381
1745502088942 4.579490999999997 382
1745502098995 4.580594999999995 383
1745502109086 4.582448999999997 384
1745502119131 4.585983999999996 385
1745502129294 4.587408999999994 386
1745502139474 4.594970999999994 387
1745502149507 4.595909999999996 388
1745502159542 4.599667999999994 389
1745502169629 4.601588999999997 390
1745502179678 4.602320999999996 391
1745502189723 4.603455999999994 392
1745502199843 4.624102999999998 393
1745502209895 4.626567999999999 394
1745502219917 4.628301999999998 395
1745502230021 4.630772999999998 396
1745502240051 4.633434999999999 397
1745502250109 4.646305999999996 398
1745502260247 4.654970999999996 399
1745502270377 4.662626999999993 400
1745502280444 4.664766 401
1745502290555 4.666138999999994 402
1745502300602 4.757973999999997 403
1745502310651 4.764331999999996 404
1745502320738 4.770586999999999 405
1745502330952 4.8014109999999945 406
1745502341688 4.8025009999999995 407
1745502351741 5.173823999999996 408
1745502361938 5.906113999999995 409
1745502371984 5.920949 410
1745502382029 5.941537999999994 411
1745502392990 5.9504459999999995 412
1745502403511 5.951245999999998 413
1745502414062 5.960982999999999 414
1745502424160 5.968311 415
1745502434212 5.974261999999996 416
1745502444615 5.984406999999997 417
1745502454728 5.985521999999996 418
1745502464767 5.986117999999998 419
1745502474804 5.987119999999997 420
1745502484923 5.9895679999999984 421
1745502494965 5.990513 422
1745502505003 6.011346999999994 423
1745502515091 6.019679999999994 424
1745502525145 6.035176999999997 425
1745502535184 6.037212999999994 426
1745502546259 6.058268999999996 427
1745502557037 6.066932999999999 428
1745502567920 6.084205999999995 429
1745502577957 6.087104999999994 430
1745502588470 6.104247999999998 431
1745502598515 6.924768999999998 432
1745502608553 6.950913999999997 433
1745502618647 7.048985999999999 434
1745502628704 7.0604199999999935 435
1745502638743 7.0728559999999945 436
1745502648885 7.076138999999998 437
1745502658932 7.079808 438
1745502668973 7.087116999999999 439
1745502679079 7.0923369999999935 440
1745502689117 7.100126999999993 441
1745502699511 7.101993999999998 442
1745502709633 7.103983999999997 443
1745502720098 7.104879999999994 444
1745502730149 7.116993999999998 445
1745502740247 7.119408999999997 446
1745502750292 7.126456999999995 447
1745502760332 7.127656999999999 448
1745502770419 7.134549 449
1745502780467 7.135464999999996 450
1745502790542 7.136467999999994 451
1745502800652 7.156144999999995 452
1745502810708 7.165606999999994 453
1745502820772 7.166469999999997 454
1745502830887 7.179827999999993 455
1745502840929 7.185710999999998 456
1745502851856 7.193232999999999 457
1745502861931 7.2137929999999955 458
1745502872038 7.217907999999994 459
1745502882089 7.222578999999996 460
1745502892184 7.223701999999996 461
1745502903267 7.225502999999996 462
1745502913334 7.233128999999998 463
1745502923371 7.3565439999999995 464
1745502933907 7.358908 465
1745502943961 7.359665 466
1745502954021 7.360847 467
1745502964130 7.381794999999997 468
1745502974179 7.396783999999997 469
1745502984216 7.406827999999997 470
1745502994359 7.4342729999999975 471
1745503005060 7.4468669999999975 472
1745503015118 7.466418999999995 473
1745503025263 7.467521999999995 474
1745503035315 7.469676 475
1745503045369 7.4774929999999955 476
1745503056230 7.478628999999998 477
1745503066295 7.487911999999994 478
1745503076351 7.488848999999995 479
1745503086846 7.489998999999997 480
1745503096892 7.491158999999996 481
1745503106953 7.502175999999999 482
1745503117055 7.511018 483
1745503127099 7.512819 484
1745503137142 7.513853999999995 485
1745503147273 7.514801999999996 486
1745503157521 7.522430999999997 487
1745503168471 7.539235999999995 488
1745503178510 7.5419569999999965 489
1745503188624 7.549706999999998 490
1745503198661 7.551831 491
1745503209275 7.560662999999998 492
1745503219410 7.578373999999997 493
1745503229498 7.681218999999999 494
1745503240477 7.687967999999998 495
1745503250592 7.690203999999994 496
1745503260644 7.697360999999994 497
1745503270730 7.698515999999998 498
1745503280865 7.712719 499
1745503290933 7.720682999999994 500
1745503301013 7.721619999999994 501
1745503311981 7.733901999999993 502
1745503322090 7.739528999999997 503
1745503332155 7.743880999999995 504
1745503342274 7.746094999999997 505
1745503352336 7.748193999999998 506
1745503363228 7.749046999999997 507
1745503373272 7.7501159999999985 508
1745503383389 7.752036999999994 509
1745503393784 7.760959999999997 510
1745503403865 7.774946 511
1745503413985 7.791829 512
1745503425104 7.803650999999995 513
1745503435149 7.806521999999994 514
1745503445267 7.808727999999995 515
1745503455322 7.815989999999999 516
1745503465356 7.823319999999995 517
1745503475463 7.824435999999999 518
1745503485514 7.840795999999997 519
1745503495568 7.842731999999998 520
1745503505676 7.8437999999999946 521
1745503516815 7.857239 522
1745503526864 7.859738999999998 523
1745503536965 7.875418999999994 524
1745503547012 7.959134999999996 525
1745503557129 7.962308 526
1745503567235 7.969136999999996 527
1745503577275 7.970040999999995 528
1745503587326 7.978173999999996 529
1745503597704 7.979422 530
1745503607752 7.987452999999995 531
1745503617808 8.001205999999996 532
1745503630174 8.002430999999994 533
1745503640266 8.122063999999995 534
1745503650334 8.132194999999996 535
1745503660382 8.135113999999994 536
1745503671296 8.143756999999994 537
1745503681330 8.14461 538
1745503691368 8.146763999999997 539
1745503701471 8.164085999999998 540
1745503711515 8.175618 541
1745503721561 8.176593999999994 542
1745503731678 8.181456999999995 543
1745503742785 8.183146999999998 544
1745503752841 8.196503999999997 545
1745503762965 8.199089999999998 546
1745503773008 8.216966999999997 547
1745503783425 8.224204999999998 548
1745503793550 8.227802999999994 549
1745503803615 8.232768 550
1745503813663 8.236469999999997 551
1745503823723 8.238062 552
1745503833871 8.240793999999994 553
1745503843912 8.251058999999998 554
1745503854456 8.334243999999998 555
1745503864557 8.342264999999998 556
1745503874620 8.367112999999996 557
1745503884669 8.370517 558
1745503894796 8.39517 559
1745503904846 8.397009999999995 560
1745503914883 8.398311999999997 561
1745503924969 8.400406999999994 562
1745503935009 8.401168999999996 563
1745503945054 8.416602999999995 564
1745503955154 8.417696 565
1745503965190 8.437329999999996 566
1745503975225 8.441938999999998 567
1745503985346 8.444063999999997 568
1745503995395 8.446326 569
1745504005748 8.453021 570
1745504015902 8.463099999999997 571
1745504025940 8.465992999999997 572
1745504035980 8.469260999999996 573
1745504046091 8.470673999999995 574
1745504056136 8.485867999999996 575
1745504066188 8.522805999999996 576
1745504077388 8.525233999999998 577
1745504088249 8.535290999999994 578
1745504098335 8.536696 579
1745504108903 8.540833999999997 580
1745504118945 8.554523999999994 581
1745504128993 8.557755 582
1745504139096 8.572351999999995 583
1745504149327 8.584632999999997 584
1745504159395 8.673898999999999 585
1745504169459 8.689915 586
1745504179566 8.699779 587
1745504189603 8.701186999999997 588
1745504199647 8.702261999999997 589
1745504209778 8.704409999999996 590
1745504219819 8.713567999999995 591
1745504229870 8.714740999999997 592
1745504240045 8.725823999999996 593
1745504250112 8.728714999999994 594
1745504260150 8.747012999999995 595
1745504270260 8.749274 596
1745504280310 8.753071999999996 597
1745504290369 8.755875999999994 598
1745504300483 8.766997999999994 599
1745504310996 8.768511999999994 600
1745504321069 8.777192 601
1745504331173 8.783619999999999 602
1745504341232 8.786497999999995 603
1745504351280 8.787426999999994 604
1745504361383 8.805397 605
1745504371439 8.807547 606
1745504381484 8.819125 607
1745504391599 8.821252999999999 608
1745504401643 8.82246 609
1745504412183 8.830290999999995 610
1745504422273 8.832029999999996 611
1745504432309 8.834514999999996 612
1745504442354 8.839394999999996 613
1745504452473 8.850940999999999 614
1745504463182 8.874734999999994 615
1745504473244 8.957713999999996 616
1745504483387 8.959263 617
1745504493445 8.960327999999997 618
1745504504172 8.967793 619
1745504514291 9.064051 620
1745504524334 9.065839999999994 621
1745504534368 9.066814999999998 622
1745504545765 9.079439999999998 623
1745504555896 9.085580999999998 624
1745504565940 9.094342999999995 625
1745504576003 9.095756999999999 626
1745504587887 9.097745999999994 627
1745504597962 9.107405999999997 628
1745504608018 9.120160999999996 629
1745504618126 9.127495999999994 630
1745504628294 9.138289999999998 631
1745504638347 9.142509999999994 632
1745504648454 9.155093999999998 633
1745504658508 9.174222999999998 634
1745504668569 9.205694999999999 635
1745504678679 9.209011999999994 636
1745504688743 9.214022999999997 637
1745504701065 9.240447999999994 638
1745504711136 9.254382999999997 639
1745504722091 9.256865999999995 640
1745504732136 9.260214999999995 641
1745504742215 9.279297 642
1745504752324 9.293187999999994 643
1745504762376 9.304009999999998 644
1745504773455 9.325087999999994 645
1745504783566 9.409758999999994 646
1745504793623 9.411685999999996 647
1745504803675 9.412523 648
1745504813932 9.413458999999996 649
1745504823966 9.429032 650
1745504834004 9.430121 651
1745504844098 9.434650999999995 652
1745504854516 9.435823999999997 653
1745504864571 9.449569999999994 654
1745504874698 9.450637999999998 655
1745504884766 9.453097 656
1745504895987 9.453812999999997 657
1745504906045 9.466967999999994 658
1745504916191 9.467762999999998 659
1745504926235 9.484082999999998 660
1745504936735 9.489577999999995 661
1745504946845 9.491608 662
1745504956902 9.499296999999999 663
1745504966947 9.518006999999997 664
1745504977059 9.519343999999997 665
1745504987107 9.526516999999998 666
1745504997158 9.535387 667
1745505009872 9.536449999999995 668
1745505019920 9.562566999999994 669
1745505029967 9.575066 670
1745505040081 9.581685999999998 671
1745505050967 9.658741 672
1745505061040 9.666466 673
1745505071122 9.668051999999996 674
1745505081219 9.696183999999995 675
1745505091554 9.779978999999997 676
1745505101628 9.787275999999999 677
1745505111757 9.789710999999997 678
1745505121795 9.796321999999996 679
1745505132615 9.803382999999997 680
1745505142730 9.810094 681
1745505152777 9.813781999999996 682
1745505162855 9.814811999999996 683
1745505172984 9.815779999999997 684
1745505184293 9.816983999999998 685
1745505194589 9.817809999999994 686
1745505207613 9.819266999999996 687
1745505217736 9.842293999999995 688
1745505227788 9.861760999999994 689
1745505237830 9.883448999999999 690
1745505248445 9.887286999999993 691
1745505258501 9.898640999999998 692
1745505268541 9.951378999999996 693
1745505278634 9.960063999999996 694
1745505289009 9.961409999999994 695
1745505299073 9.962601999999997 696
1745505309194 9.964368999999998 697
1745505319631 9.971503999999996 698
1745505329718 9.974939 699
1745505339843 9.975896999999996 700
1745505350088 9.982354999999998 701
1745505361501 9.988968999999997 702
1745505372579 9.993336999999997 703
1745505382702 10.007816999999996 704
1745505392776 10.020170999999998 705
1745505402854 10.106472999999994 706
1745505413698 10.109167999999997 707
1745505423768 10.121078999999995 708
1745505433839 10.122636 709
1745505443948 10.129025999999996 710
1745505454615 10.129749999999994 711
1745505464680 10.138022 712
1745505474789 10.138745999999998 713
1745505484850 10.146405999999999 714
1745505494915 10.147036 715
1745505506385 10.153706 716
1745505516453 10.158386999999998 717
1745505526509 10.171305999999994 718
1745505536626 10.186614999999996 719
1745505547700 10.188288 720
1745505557772 10.191421999999996 721
1745505567809 10.3005 722
1745505577926 10.302386999999996 723
1745505588724 10.308920999999998 724
1745505598798 10.313367 725
1745505608909 10.314412999999995 726
1745505618968 10.316539999999996 727
1745505629011 10.321627 728
1745505639146 10.322533999999997 729
1745505650445 10.323623999999995 730
1745505660914 10.330703999999997 731
1745505671012 10.341752999999997 732
1745505681089 10.342558999999994 733
1745505691148 10.355725999999997 734
1745505701252 10.365687999999999 735
1745505711309 10.454225999999998 736
1745505721378 10.458385999999997 737
1745505732892 10.469487999999998 738
1745505743003 10.482441999999999 739
1745505753068 10.485439999999997 740
1745505763140 10.486326999999996 741
1745505774009 10.487457999999997 742
1745505784068 10.489221999999998 743
1745505794114 10.490043999999997 744
1745505804225 10.506919999999994 745
1745505815517 10.510290999999995 746
1745505825598 10.512523999999999 747
1745505835711 10.524946999999997 748
1745505845760 10.527615999999995 749
1745505855807 10.532446 750
1745505865923 10.540509999999998 751
1745505876120 10.555816999999998 752
1745505886192 10.569235999999997 753
1745505896319 10.571265999999994 754
1745505906365 10.572288 755
1745505917384 10.57414 756
1745505927479 10.594783999999997 757
1745505937531 10.595616 758
1745505947599 10.597757999999999 759
1745505959683 10.603581999999996 760
1745505969795 10.636646999999996 761
1745505979854 10.645235999999997 762
1745505989922 10.646102999999997 763
1745506002327 10.646826999999995 764
1745506012405 10.658445 765
1745506022457 10.743088999999998 766
1745506032576 10.763073999999996 767
1745506043788 10.768099999999997 768
1745506053863 10.773374999999994 769
1745506063908 10.773987999999996 770
1745506074016 10.781079999999996 771
1745506084071 10.781870999999995 772
1745506094103 10.782969999999999 773
1745506104237 10.805087 774
1745506117209 10.810068999999999 775
1745506127274 10.81991 776
1745506137388 10.82067 777
1745506147455 10.821596 778
1745506157538 10.822896 779
1745506169178 10.831553999999997 780
1745506179294 10.838144999999997 781
1745506189364 10.838848999999996 782
1745506199419 10.847865999999996 783
1745506209523 10.854153999999994 784
1745506219578 10.862302 785
1745506229624 10.864942 786
1745506239746 10.865786999999997 787
1745506249784 10.866892 788
1745506259836 10.867816999999995 789
1745506269962 10.869847 790
1745506280061 10.872874999999993 791
1745506290122 10.873357999999996 792
1745506300264 10.874227999999995 793
1745506310299 10.878570999999994 794
1745506320384 10.902068 795
1745506330485 10.985724999999995 796
1745506340567 10.994674999999994 797
1745506350622 11.000755999999996 798
1745506360728 11.004612999999999 799
1745506370777 11.013814999999994 800
1745506380821 11.015496999999996 801
1745506390931 11.017533999999998 802
1745506401251 11.032803999999999 803
1745506411324 11.040765 804
1745506421461 11.048255999999995 805
1745506432074 11.051168999999994 806
1745506442142 11.060642999999999 807
1745506452246 11.061406999999996 808
1745506462306 11.088718999999998 809
1745506472376 11.102826999999998 810
1745506482494 11.113158999999996 811
1745506492563 11.116095999999999 812
1745506503875 11.1207 813
1745506514008 11.124254999999998 814
1745506524116 11.135712999999996 815
1745506534170 11.137890999999996 816
1745506544224 11.138515999999996 817
1745506554326 11.159597999999995 818
1745506564375 11.160396999999996 819
1745506574434 11.170378 820
1745506586128 11.172455999999997 821
1745506596164 11.177665999999995 822
1745506606201 11.178290999999994 823
1745506616305 11.179147999999998 824
1745506626792 11.198997999999996 825
1745506636892 11.286224999999995 826
1745506646997 11.288072999999997 827
1745506657474 11.289293999999998 828
1745506667522 11.304359999999996 829
1745506677655 11.311395999999995 830
1745506687714 11.315911999999997 831
1745506697761 11.319956999999995 832
1745506708559 11.320817999999996 833
1745506718602 11.322989 834
1745506728673 11.323968999999998 835
1745506738831 11.327265999999995 836
1745506748876 11.334035 837
1745506759170 11.335716999999995 838
1745506769294 11.347463999999995 839
1745506779338 11.348799999999997 840
1745506792469 11.353524999999998 841
1745506803147 11.364846999999997 842
1745506813944 11.366431999999996 843
1745506824001 11.381803999999995 844
1745506836877 11.390512999999999 845
1745506846918 11.396132999999999 846
1745506857035 11.397780999999995 847
1745506867106 11.398902 848
1745506878202 11.403473999999996 849
1745506888329 11.418316999999995 850
1745506898389 11.419338999999994 851
1745506908435 11.42165 852
1745506918558 11.437970999999997 853
1745506928851 11.439142999999994 854
1745506938914 11.449620999999993 855
1745506949066 11.532081999999996 856
1745506959109 11.535922999999997 857
1745506970490 11.537664999999997 858
1745506980563 11.542261999999994 859
1745506990679 11.543127999999996 860
1745507000798 11.544728 861
1745507011777 11.554249999999996 862
1745507021902 11.566083999999996 863
1745507031962 11.567130999999996 864
1745507042028 11.581303999999996 865
1745507052129 11.582042999999999 866
1745507062373 11.589267999999997 867
1745507072439 11.611653999999994 868
1745507082561 11.616111999999994 869
1745507092629 11.622646999999994 870
1745507104089 11.62359 871
1745507114216 11.648576999999996 872
1745507124260 11.649791 873
1745507134301 11.652330999999997 874
1745507144417 11.653112999999998 875
1745507154480 11.654682999999999 876
