1745498227147 64.1 0
1745498237244 66.2 1
1745498247270 91.8 2
1745498257325 92.5 3
1745498267448 85.3 4
1745498277482 92.1 5
1745498287524 65.3 6
1745498297754 86.2 7
1745498307848 59.4 8
1745498317937 86.9 9
1745498328012 60.2 10
1745498338099 61.1 11
1745498348141 61.8 12
1745498358227 89.2 13
1745498368315 65.1 14
1745498378421 89.5 15
1745498388506 89.9 16
1745498398600 62.9 17
1745498408743 90.9 18
1745498418812 91.6 19
1745498428861 73.6 20
1745498438947 94.3 21
1745498448987 65.0 22
1745498459103 66.1 23
1745498469148 91.8 24
1745498479170 90.1 25
1745498489203 92.0 26
1745498499285 92.2 27
1745498509313 82.7 28
1745498519343 92.5 29
1745498529467 65.8 30
1745498539496 93.2 31
1745498549724 66.5 32
1745498559973 64.3 33
1745498570133 64.5 34
1745498580176 82.6 35
1745498590264 93.0 36
1745498600302 63.1 37
1745498610339 90.3 38
1745498620481 63.2 39
1745498630530 90.6 40
1745498640550 63.6 41
1745498650892 91.3 42
1745498660938 64.5 43
1745498670967 62.8 44
1745498681062 62.9 45
1745498691100 63.3 46
1745498701137 90.8 47
1745498711286 64.2 48
1745498721323 91.3 49
1745498731358 64.6 50
1745498741603 92.0 51
1745498751631 65.1 52
1745498761773 92.6 53
1745498771898 65.7 54
1745498781944 63.9 55
1745498791981 63.8 56
1745498802115 64.7 57
1745498812245 91.6 58
1745498822267 63.9 59
1745498832524 91.4 60
1745498842551 64.5 61
1745498852595 91.5 62
1745498862667 92.1 63
1745498872697 65.3 64
1745498882732 92.6 65
1745498892825 65.9 66
1745498902860 58.0 67
1745498912900 60.8 68
1745498923042 58.0 69
1745498933076 84.9 70
1745498943108 58.3 71
1745498953210 87.6 72
1745498963255 60.7 73
1745498973296 88.0 74
1745498983374 89.9 75
1745498993408 89.9 76
1745499003454 62.9 77
1745499013559 88.1 78
1745499023586 58.7 79
1745499033616 61.9 80
1745499043718 87.8 81
1745499053746 60.9 82
1745499063786 88.3 83
1745499073913 61.5 84
1745499083933 88.5 85
1745499093980 62.0 86
1745499104084 88.9 87
1745499114117 62.6 88
1745499124150 89.8 89
1745499134203 61.2 90
1745499144333 62.5 91
1745499154352 88.3 92
1745499164389 61.4 93
1745499174468 88.6 94
1745499184507 62.1 95
1745499194538 89.2 96
1745499204668 62.8 97
1745499214704 89.7 98
1745499224737 62.9 99
1745499234861 90.2 100
1745499244898 61.7 101
1745499254948 62.1 102
1745499265046 89.5 103
1745499275084 89.7 104
1745499285116 90.0 105
1745499295235 90.0 106
1745499305255 84.1 107
1745499315291 90.6 108
1745499325395 71.4 109
1745499335428 90.7 110
1745499345471 71.2 111
1745499355549 62.7 112
1745499365578 62.8 113
1745499375625 63.5 114
1745499385717 90.2 115
1745499395769 63.2 116
1745499405805 90.7 117
1745499415913 64.1 118
1745499425954 91.3 119
1745499435986 64.5 120
1745499446366 91.4 121
1745499456458 65.0 122
1745499466884 63.4 123
1745499477561 63.8 124
1745499487587 64.5 125
1745499497631 64.5 126
1745499507739 92.3 127
1745499517765 73.7 128
1745499527800 91.4 129
1745499537884 87.1 130
1745499547915 92.0 131
1745499557956 92.2 132
1745499568095 92.5 133
1745499578122 92.8 134
1745499588252 63.6 135
1745499598411 63.7 136
1745499608456 64.2 137
1745499618510 91.5 138
1745499628639 64.7 139
1745499638698 91.5 140
1745499648744 64.6 141
1745499658859 91.9 142
1745499668902 65.3 143
1745499678949 92.6 144
1745499689063 65.7 145
1745499699104 63.9 146
1745499709163 64.0 147
1745499719243 64.6 148
1745499729302 84.1 149
1745499739356 91.7 150
1745499749460 70.7 151
1745499759502 92.3 152
1745499769556 65.7 153
1745499779647 92.5 154
1745499789681 66.2 155
1745499799723 93.1 156
1745499810141 66.8 157
1745499820185 65.5 158
1745499830224 67.6 159
1745499840328 92.8 160
1745499850359 92.9 161
1745499860403 89.3 162
1745499870514 86.2 163
1745499880556 93.8 164
1745499890600 94.0 165
1745499900725 66.6 166
1745499910810 91.6 167
1745499920871 65.0 168
1745499930913 92.4 169
1745499941178 65.0 170
1745499951281 65.2 171
1745499961326 65.4 172
1745499971421 92.2 173
1745499981494 65.2 174
1745499991547 92.1 175
1745500001636 65.5 176
1745500011684 92.2 177
1745500021705 65.5 178
1745500031801 92.4 179
1745500041838 65.9 180
1745500051879 65.9 181
1745500062005 65.8 182
1745500072050 69.1 183
1745500082099 66.3 184
1745500092185 93.1 185
1745500102257 66.4 186
1745500112630 93.0 187
1745500122750 66.8 188
1745500132800 93.4 189
1745500142840 93.8 190
1745500152943 67.0 191
1745500162981 93.6 192
1745500173016 66.6 193
1745500183102 66.8 194
1745500193151 83.2 195
1745500203202 93.7 196
1745500213309 75.9 197
1745500223353 92.7 198
1745500233407 65.8 199
1745500243508 92.9 200
1745500253561 65.8 201
1745500263613 92.8 202
1745500273934 66.4 203
1745500283989 66.3 204
1745500294047 66.4 205
1745500304160 69.5 206
1745500314207 67.0 207
1745500324427 93.9 208
1745500334561 67.2 209
1745500344622 94.1 210
1745500354667 93.8 211
1745500364763 80.6 212
1745500374804 93.6 213
1745500384852 67.3 214
1745500394963 94.1 215
1745500404998 67.0 216
1745500415112 66.9 217
1745500425218 67.3 218
1745500435726 94.4 219
1745500445795 67.3 220
1745500456426 94.7 221
1745500466479 67.4 222
1745500477142 94.3 223
1745500487199 67.3 224
1745500497677 94.3 225
1745500508422 67.5 226
1745500518474 67.3 227
1745500528567 67.5 228
1745500538607 69.9 229
1745500548647 95.3 230
1745500558800 67.8 231
1745500568837 94.1 232
1745500578888 76.3 233
1745500589084 67.0 234
1745500599373 94.7 235
1745500609412 67.7 236
1745500619519 77.9 237
1745500629546 95.6 238
1745500640372 94.9 239
1745500650467 67.6 240
1745500660516 67.2 241
1745500670557 67.1 242
1745500680680 67.0 243
1745500690718 67.8 244
1745500700769 66.3 245
1745500711304 93.7 246
1745500721353 66.3 247
1745500731393 93.5 248
1745500741479 93.5 249
1745500751536 67.2 250
1745500761573 93.8 251
1745500771667 93.9 252
1745500781714 67.3 253
1745500791943 94.3 254
1745500802054 67.0 255
1745500812095 65.2 256
1745500822116 65.4 257
1745500832672 68.6 258
1745500842794 66.0 259
1745500852834 93.3 260
1745500862883 93.2 261
1745500873017 66.6 262
1745500883056 93.2 263
1745500893106 82.3 264
1745500903267 66.3 265
1745500913320 93.6 266
1745500923370 66.4 267
1745500933475 93.6 268
1745500943911 65.0 269
1745500953957 65.0 270
1745500964899 65.0 271
1745500974929 65.3 272
1745500984985 92.2 273
1745500995071 92.7 274
1745501005114 67.4 275
1745501015161 94.0 276
1745501025274 94.0 277
1745501035321 66.7 278
1745501045345 94.2 279
1745501055475 93.9 280
1745501065524 67.5 281
1745501075563 94.4 282
1745501085659 67.8 283
1745501095699 67.7 284
1745501105734 67.5 285
1745501116379 70.9 286
1745501126426 66.9 287
1745501136461 74.1 288
1745501146649 93.4 289
1745501156691 67.0 290
1745501166715 93.7 291
1745501176833 93.6 292
1745501186860 67.0 293
1745501196917 93.6 294
1745501207023 94.0 295
1745501217067 66.9 296
1745501227110 65.8 297
1745501237828 65.9 298
1745501247849 66.1 299
1745501257900 68.9 300
1745501268033 92.2 301
1745501278068 66.6 302
1745501288109 93.4 303
1745501298235 68.9 304
1745501308271 66.6 305
1745501318307 93.5 306
1745501328407 71.7 307
1745501338455 85.8 308
1745501349029 94.6 309
1745501359071 67.9 310
1745501369353 68.0 311
1745501379406 68.0 312
1745501389430 67.9 313
1745501399617 70.2 314
1745501409666 95.4 315
1745501419702 83.9 316
1745501429843 67.9 317
1745501439886 94.5 318
1745501449927 95.1 319
1745501460096 68.2 320
1745501470137 95.2 321
1745501480162 95.2 322
1745501490284 68.0 323
1745501500333 94.8 324
1745501510376 95.0 325
1745501520802 68.2 326
1745501531232 68.2 327
1745501541270 68.1 328
1745501551382 68.7 329
1745501561435 67.4 330
1745501571479 94.1 331
1745501581577 93.9 332
1745501591614 67.4 333
1745501601646 94.2 334
1745501612409 93.9 335
1745501622447 67.1 336
1745501632494 90.0 337
1745501642748 94.0 338
1745501652786 66.9 339
1745501663130 67.1 340
1745501673221 67.2 341
1745501683253 67.1 342
1745501693310 68.9 343
1745501703423 94.7 344
1745501713467 92.4 345
1745501723507 65.6 346
1745501733594 92.4 347
1745501743647 92.4 348
1745501753692 65.7 349
1745501763790 92.8 350
1745501773831 92.3 351
1745501783877 65.8 352
1745501793993 74.5 353
1745501804051 92.6 354
1745501814905 66.0 355
1745501825305 66.0 356
1745501837148 66.3 357
1745501847196 66.6 358
1745501857237 93.4 359
1745501867332 93.5 360
1745501877371 66.7 361
1745501887407 93.6 362
1745501897495 93.6 363
1745501907548 67.0 364
1745501917583 93.5 365
1745501927680 93.6 366
1745501937732 66.7 367
1745501947780 93.5 368
1745501957895 67.1 369
1745501967952 67.1 370
1745501977973 67.0 371
1745501988079 69.8 372
1745501998099 94.0 373
1745502008154 67.5 374
1745502018262 94.4 375
1745502028303 94.0 376
1745502038342 67.5 377
1745502048433 94.2 378
1745502058478 94.5 379
1745502068523 67.6 380
1745502078705 94.5 381
1745502088942 93.7 382
1745502098995 66.6 383
1745502109086 66.6 384
1745502119131 66.6 385
1745502129294 66.6 386
1745502139474 67.1 387
1745502149507 93.8 388
1745502159542 93.9 389
1745502169629 67.4 390
1745502179678 68.2 391
1745502189723 94.2 392
1745502199843 74.8 393
1745502209895 67.3 394
1745502219917 94.1 395
1745502230021 94.1 396
1745502240051 67.2 397
1745502250109 67.5 398
1745502260247 67.6 399
1745502270377 67.6 400
1745502280444 67.6 401
1745502290555 67.9 402
1745502300602 94.6 403
1745502310651 94.9 404
1745502320738 68.2 405
1745502330952 92.2 406
1745502341688 94.6 407
1745502351741 67.8 408
1745502361938 67.9 409
1745502371984 94.7 410
1745502382029 69.0 411
1745502392990 67.9 412
1745502403511 67.9 413
1745502414062 68.0 414
1745502424160 68.0 415
1745502434212 70.7 416
1745502444615 94.7 417
1745502454728 67.9 418
1745502464767 69.4 419
1745502474804 94.5 420
1745502484923 94.7 421
1745502494965 67.7 422
1745502505003 94.8 423
1745502515091 95.1 424
1745502525145 67.9 425
1745502535184 80.2 426
1745502546259 95.0 427
1745502557037 68.2 428
1745502567920 68.2 429
1745502577957 68.0 430
1745502588470 68.9 431
1745502598515 62.1 432
1745502608553 62.4 433
1745502618647 88.0 434
1745502628704 87.8 435
1745502638743 61.3 436
1745502648885 61.1 437
1745502658932 87.9 438
1745502668973 88.0 439
1745502679079 63.8 440
1745502689117 61.4 441
1745502699511 88.0 442
1745502709633 61.8 443
1745502720098 61.5 444
1745502730149 61.6 445
1745502740247 63.5 446
1745502750292 66.0 447
1745502760332 63.3 448
1745502770419 90.5 449
1745502780467 90.5 450
1745502790542 63.3 451
1745502800652 71.8 452
1745502810708 91.1 453
1745502820772 74.3 454
1745502830887 63.9 455
1745502840929 90.4 456
1745502851856 90.7 457
1745502861931 64.1 458
1745502872038 64.1 459
1745502882089 64.2 460
1745502892184 64.2 461
1745502903267 64.0 462
1745502913334 64.0 463
1745502923371 91.2 464
1745502933907 91.4 465
1745502943961 64.6 466
1745502954021 79.6 467
1745502964130 91.2 468
1745502974179 68.7 469
1745502984216 64.4 470
1745502994359 91.1 471
1745503005060 91.5 472
1745503015118 64.7 473
1745503025263 64.6 474
1745503035315 64.5 475
1745503045369 64.6 476
1745503056230 64.2 477
1745503066295 64.8 478
1745503076351 92.0 479
1745503086846 92.2 480
1745503096892 65.7 481
1745503106953 65.9 482
1745503117055 92.5 483
1745503127099 75.6 484
1745503137142 65.5 485
1745503147273 92.2 486
1745503157521 92.6 487
1745503168471 65.8 488
1745503178510 65.9 489
1745503188624 65.8 490
1745503198661 65.9 491
1745503209275 65.8 492
1745503219410 66.4 493
1745503229498 93.3 494
1745503240477 93.5 495
1745503250592 66.3 496
1745503260644 72.0 497
1745503270730 92.4 498
1745503280865 92.0 499
1745503290933 65.8 500
1745503301013 92.3 501
1745503311981 92.5 502
1745503322090 65.3 503
1745503332155 65.3 504
1745503342274 65.5 505
1745503352336 65.5 506
1745503363228 65.5 507
1745503373272 66.0 508
1745503383389 92.5 509
1745503393784 92.8 510
1745503403865 65.9 511
1745503413985 67.8 512
1745503425104 93.0 513
1745503435149 65.9 514
1745503445267 66.0 515
1745503455322 92.8 516
1745503465356 93.7 517
1745503475463 66.0 518
1745503485514 66.3 519
1745503495568 66.4 520
1745503505676 66.5 521
1745503516815 66.5 522
1745503526864 65.9 523
1745503536965 76.5 524
1745503547012 92.9 525
1745503557129 93.0 526
1745503567235 65.9 527
1745503577275 66.0 528
1745503587326 93.5 529
1745503597704 93.3 530
1745503607752 66.3 531
1745503617808 66.1 532
1745503630174 92.3 533
1745503640266 65.6 534
1745503650334 65.3 535
1745503660382 65.3 536
1745503671296 65.6 537
1745503681330 65.8 538
1745503691368 63.6 539
1745503701471 90.5 540
1745503711515 90.7 541
1745503721561 63.5 542
1745503731678 90.3 543
1745503742785 90.7 544
1745503752841 63.7 545
1745503762965 83.0 546
1745503773008 90.8 547
1745503783425 90.3 548
1745503793550 63.7 549
1745503803615 63.9 550
1745503813663 63.9 551
1745503823723 64.4 552
1745503833871 64.2 553
1745503843912 91.7 554
1745503854456 91.2 555
1745503864557 64.7 556
1745503874620 70.0 557
1745503884669 91.5 558
1745503894796 91.4 559
1745503904846 64.8 560
1745503914883 91.5 561
1745503924969 91.9 562
1745503935009 74.1 563
1745503945054 65.1 564
1745503955154 65.1 565
1745503965190 64.8 566
1745503975225 65.2 567
1745503985346 65.4 568
1745503995395 92.9 569
1745504005748 92.6 570
1745504015902 65.4 571
1745504025940 65.7 572
1745504035980 92.4 573
1745504046091 92.4 574
1745504056136 65.9 575
1745504066188 71.5 576
1745504077388 92.7 577
1745504088249 65.6 578
1745504098335 65.4 579
1745504108903 65.5 580
1745504118945 65.5 581
1745504128993 68.4 582
1745504139096 93.9 583
1745504149327 94.3 584
1745504159395 67.0 585
1745504169459 80.6 586
1745504179566 93.6 587
1745504189603 86.2 588
1745504199647 66.7 589
1745504209778 93.7 590
1745504219819 94.2 591
1745504229870 74.0 592
1745504240045 67.1 593
1745504250112 66.9 594
1745504260150 66.9 595
1745504270260 66.9 596
1745504280310 67.7 597
1745504290369 67.4 598
1745504300483 92.8 599
1745504310996 92.6 600
1745504321069 65.7 601
1745504331173 65.2 602
1745504341232 92.4 603
1745504351280 89.6 604
1745504361383 66.0 605
1745504371439 66.1 606
1745504381484 93.1 607
1745504391599 92.9 608
1745504401643 65.8 609
1745504412183 66.0 610
1745504422273 64.2 611
1745504432309 64.8 612
1745504442354 65.1 613
1745504452473 92.6 614
1745504463182 92.1 615
1745504473244 65.6 616
1745504483387 65.5 617
1745504493445 92.5 618
1745504504172 92.9 619
1745504514291 66.0 620
1745504524334 65.9 621
1745504534368 93.0 622
1745504545765 93.0 623
1745504555896 65.9 624
1745504565940 66.1 625
1745504576003 65.9 626
1745504587887 66.0 627
1745504597962 66.2 628
1745504608018 66.8 629
1745504618126 93.5 630
1745504628294 93.9 631
1745504638347 66.6 632
1745504648454 91.4 633
1745504658508 94.1 634
1745504668569 67.7 635
1745504678679 66.6 636
1745504688743 94.0 637
1745504701065 93.9 638
1745504711136 66.8 639
1745504722091 67.0 640
1745504732136 67.0 641
1745504742215 67.3 642
1745504752324 67.4 643
1745504762376 94.8 644
1745504773455 94.9 645
1745504783566 67.3 646
1745504793623 67.2 647
1745504803675 94.3 648
1745504813932 94.8 649
1745504823966 67.7 650
1745504834004 92.0 651
1745504844098 95.0 652
1745504854516 94.6 653
1745504864571 67.5 654
1745504874698 67.7 655
1745504884766 67.6 656
1745504895987 67.5 657
1745504906045 68.1 658
1745504916191 68.2 659
1745504926235 93.8 660
1745504936735 94.1 661
1745504946845 66.8 662
1745504956902 85.2 663
1745504966947 94.4 664
1745504977059 93.9 665
1745504987107 66.9 666
1745504997158 67.1 667
1745505009872 94.1 668
1745505019920 67.1 669
1745505029967 68.1 670
1745505040081 68.1 671
1745505050967 67.9 672
1745505061040 68.4 673
1745505071122 68.0 674
1745505081219 95.1 675
1745505091554 95.8 676
1745505101628 68.5 677
1745505111757 66.6 678
1745505121795 94.4 679
1745505132615 94.0 680
1745505142730 66.7 681
1745505152777 67.3 682
1745505162855 93.9 683
1745505172984 66.7 684
1745505184293 66.9 685
1745505194589 66.9 686
1745505207613 66.9 687
1745505217736 68.7 688
1745505227788 65.4 689
1745505237830 92.5 690
1745505248445 92.3 691
1745505258501 65.0 692
1745505268541 80.1 693
1745505278634 93.1 694
1745505289009 92.9 695
1745505299073 66.2 696
1745505309194 66.3 697
1745505319631 93.9 698
1745505329718 64.3 699
1745505339843 64.5 700
1745505350088 64.5 701
1745505361501 64.4 702
1745505372579 65.4 703
1745505382702 65.4 704
1745505392776 65.4 705
1745505402854 92.2 706
1745505413698 92.6 707
1745505423768 65.9 708
1745505433839 65.9 709
1745505443948 92.5 710
1745505454615 92.6 711
1745505464680 65.6 712
1745505474789 65.6 713
1745505484850 78.5 714
1745505494915 65.7 715
1745505506385 65.7 716
1745505516453 65.6 717
1745505526509 68.3 718
1745505536626 93.6 719
1745505547700 93.7 720
1745505557772 66.6 721
1745505567809 66.7 722
1745505577926 93.7 723
1745505588724 94.1 724
1745505598798 66.8 725
1745505608909 69.6 726
1745505618968 93.9 727
1745505629011 93.9 728
1745505639146 66.8 729
1745505650445 66.6 730
1745505660914 66.6 731
1745505671012 66.7 732
1745505681089 67.1 733
1745505691148 67.6 734
1745505701252 67.2 735
1745505711309 94.5 736
1745505721378 94.7 737
1745505732892 67.7 738
1745505743003 67.6 739
1745505753068 94.4 740
1745505763140 94.9 741
1745505774009 94.5 742
1745505784068 67.3 743
1745505794114 67.3 744
1745505804225 80.7 745
1745505815517 67.3 746
1745505825598 67.4 747
1745505835711 67.5 748
1745505845760 70.1 749
1745505855807 93.2 750
1745505865923 92.6 751
1745505876120 85.6 752
1745505886192 65.9 753
1745505896319 69.8 754
1745505906365 92.8 755
1745505917384 93.0 756
1745505927479 66.3 757
1745505937531 66.3 758
1745505947599 93.1 759
1745505959683 93.9 760
1745505969795 66.7 761
1745505979854 66.8 762
1745505989922 66.6 763
1745506002327 66.8 764
1745506012405 66.9 765
1745506022457 67.1 766
1745506032576 94.0 767
1745506043788 94.0 768
1745506053863 66.9 769
1745506063908 66.9 770
1745506074016 94.2 771
1745506084071 94.4 772
1745506094103 67.1 773
1745506104237 67.1 774
1745506117209 95.4 775
1745506127274 67.8 776
1745506137388 68.0 777
1745506147455 67.9 778
1745506157538 67.7 779
1745506169178 68.5 780
1745506179294 65.4 781
1745506189364 64.9 782
1745506199419 92.2 783
1745506209523 92.2 784
1745506219578 70.3 785
1745506229624 63.4 786
1745506239746 73.3 787
1745506249784 90.7 788
1745506259836 65.8 789
1745506269962 63.6 790
1745506280061 77.2 791
1745506290122 63.6 792
1745506300264 63.6 793
1745506310299 63.7 794
1745506320384 64.3 795
1745506330485 64.9 796
1745506340567 88.7 797
1745506350622 92.5 798
1745506360728 92.0 799
1745506370777 64.8 800
1745506380821 76.3 801
1745506390931 92.4 802
1745506401251 92.7 803
1745506411324 65.2 804
1745506421461 65.1 805
1745506432074 92.6 806
1745506442142 64.9 807
1745506452246 65.2 808
1745506462306 65.2 809
1745506472376 65.4 810
1745506482494 68.2 811
1745506492563 93.9 812
1745506503875 94.4 813
1745506514008 67.1 814
1745506524116 66.9 815
1745506534170 94.1 816
1745506544224 94.3 817
1745506554326 67.6 818
1745506564375 67.1 819
1745506574434 92.2 820
1745506586128 94.2 821
1745506596164 66.9 822
1745506606201 66.9 823
1745506616305 66.9 824
1745506626792 67.0 825
1745506636892 67.0 826
1745506646997 67.5 827
1745506657474 73.8 828
1745506667522 65.2 829
1745506677655 65.0 830
1745506687714 93.0 831
1745506697761 93.2 832
1745506708559 92.7 833
1745506718602 65.4 834
1745506728673 65.4 835
1745506738831 92.8 836
1745506748876 92.4 837
1745506759170 82.2 838
1745506769294 66.1 839
1745506779338 66.4 840
1745506792469 92.5 841
1745506803147 65.6 842
1745506813944 65.7 843
1745506824001 65.8 844
1745506836877 65.8 845
1745506846918 66.5 846
1745506857035 64.9 847
1745506867106 92.1 848
1745506878202 91.7 849
1745506888329 64.3 850
1745506898389 64.6 851
1745506908435 92.0 852
1745506918558 92.3 853
1745506928851 92.2 854
1745506938914 64.8 855
1745506949066 64.4 856
1745506959109 91.9 857
1745506970490 92.1 858
1745506980563 64.8 859
1745506990679 65.1 860
1745507000798 65.3 861
1745507011777 65.6 862
1745507021902 65.6 863
1745507031962 67.9 864
1745507042028 93.9 865
1745507052129 93.2 866
1745507062373 89.4 867
1745507072439 65.5 868
1745507082561 65.4 869
1745507092629 93.2 870
1745507104089 93.3 871
1745507114216 65.5 872
1745507124260 66.0 873
1745507134301 91.6 874
1745507144417 91.6 875
1745507154480 66.5 876
