1745498227147 10804.0 0
1745498237244 11159.6 1
1745498247270 15479.4 2
1745498257325 15598.5 3
1745498267448 14383.0 4
1745498277482 15526.2 5
1745498287524 11008.1 6
1745498297754 14530.9 7
1745498307848 10022.0 8
1745498317937 14655.5 9
1745498328012 10161.3 10
1745498338099 10299.2 11
1745498348141 10417.1 12
1745498358227 15037.7 13
1745498368315 10984.5 14
1745498378421 15091.0 15
1745498388506 15170.5 16
1745498398600 10604.1 17
1745498408743 15337.3 18
1745498418812 15446.5 19
1745498428861 12408.0 20
1745498438947 15901.4 21
1745498448987 10962.2 22
1745498459103 11141.1 23
1745498469148 15477.9 24
1745498479170 15191.7 25
1745498489203 15518.0 26
1745498499285 15550.9 27
1745498509313 13942.9 28
1745498519343 15599.6 29
1745498529467 11095.9 30
1745498539496 15724.1 31
1745498549724 11215.1 32
1745498559973 10838.8 33
1745498570133 10883.8 34
1745498580176 13927.1 35
1745498590264 15680.1 36
1745498600302 10638.5 37
1745498610339 15229.7 38
1745498620481 10659.6 39
1745498630530 15280.8 40
1745498640550 10734.6 41
1745498650892 15397.3 42
1745498660938 10883.6 43
1745498670967 10588.5 44
1745498681062 10603.9 45
1745498691100 10680.3 46
1745498701137 15322.8 47
1745498711286 10825.3 48
1745498721323 15391.4 49
1745498731358 10900.5 50
1745498741603 15509.7 51
1745498751631 10987.5 52
1745498761773 15617.9 53
1745498771898 11087.3 54
1745498781944 10772.0 55
1745498791981 10768.9 56
1745498802115 10921.0 57
1745498812245 15449.2 58
1745498822267 10784.4 59
1745498832524 15415.7 60
1745498842551 10886.7 61
1745498852595 15440.8 62
1745498862667 15535.7 63
1745498872697 11010.8 64
1745498882732 15612.6 65
1745498892825 11107.0 66
1745498902860 9780.7 67
1745498912900 10249.5 68
1745498923042 9783.8 69
1745498933076 14321.3 70
1745498943108 9831.5 71
1745498953210 14781.5 72
1745498963255 10242.9 73
1745498973296 14836.4 74
1745498983374 15165.1 75
1745498993408 15161.5 76
1745499003454 10613.1 77
1745499013559 14867.6 78
1745499023586 9905.7 79
1745499033616 10441.2 80
1745499043718 14800.8 81
1745499053746 10270.4 82
1745499063786 14900.3 83
1745499073913 10373.8 84
1745499083933 14919.4 85
1745499093980 10451.1 86
1745499104084 14993.7 87
1745499114117 10554.6 88
1745499124150 15151.4 89
1745499134203 10315.4 90
1745499144333 10550.1 91
1745499154352 14900.3 92
1745499164389 10356.3 93
1745499174468 14947.3 94
1745499184507 10466.4 95
1745499194538 15037.4 96
1745499204668 10585.8 97
1745499214704 15123.9 98
1745499224737 10615.9 99
1745499234861 15219.8 100
1745499244898 10408.6 101
1745499254948 10482.0 102
1745499265046 15088.1 103
1745499275084 15128.1 104
1745499285116 15179.1 105
1745499295235 15180.9 106
1745499305255 14177.9 107
1745499315291 15275.2 108
1745499325395 12049.2 109
1745499335428 15290.8 110
1745499345471 12007.5 111
1745499355549 10573.0 112
1745499365578 10587.8 113
1745499375625 10710.3 114
1745499385717 15216.9 115
1745499395769 10658.2 116
1745499405805 15301.9 117
1745499415913 10808.1 118
1745499425954 15393.2 119
1745499435986 10874.6 120
1745499446366 15420.5 121
1745499456458 10961.7 122
1745499466884 10687.6 123
1745499477561 10763.4 124
1745499487587 10871.2 125
1745499497631 10884.0 126
1745499507739 15568.2 127
1745499517765 12435.5 128
1745499527800 15423.8 129
1745499537884 14698.4 130
1745499547915 15517.4 131
1745499557956 15543.6 132
1745499568095 15604.3 133
1745499578122 15645.2 134
1745499588252 10722.7 135
1745499598411 10740.6 136
1745499608456 10822.1 137
1745499618510 15426.3 138
1745499628639 10917.5 139
1745499638698 15433.6 140
1745499648744 10897.4 141
1745499658859 15492.7 142
1745499668902 11010.1 143
1745499678949 15619.5 144
1745499689063 11081.3 145
1745499699104 10784.4 146
1745499709163 10791.1 147
1745499719243 10900.1 148
1745499729302 14187.6 149
1745499739356 15473.7 150
1745499749460 11918.2 151
1745499759502 15564.2 152
1745499769556 11076.7 153
1745499779647 15609.1 154
1745499789681 11170.6 155
1745499799723 15707.8 156
1745499810141 11259.3 157
1745499820185 11050.6 158
1745499830224 11400.1 159
1745499840328 15648.2 160
1745499850359 15664.3 161
1745499860403 15067.3 162
1745499870514 14533.0 163
1745499880556 15814.7 164
1745499890600 15848.4 165
1745499900725 11227.4 166
1745499910810 15451.3 167
1745499920871 10964.3 168
1745499930913 15581.2 169
1745499941178 10962.6 170
1745499951281 10990.5 171
1745499961326 11031.9 172
1745499971421 15554.7 173
1745499981494 10998.1 174
1745499991547 15538.5 175
1745500001636 11050.6 176
1745500011684 15546.0 177
1745500021705 11051.2 178
1745500031801 15590.0 179
1745500041838 11117.6 180
1745500051879 11109.2 181
1745500062005 11092.2 182
1745500072050 11658.7 183
1745500082099 11189.9 184
1745500092185 15708.5 185
1745500102257 11195.3 186
1745500112630 15682.2 187
1745500122750 11263.3 188
1745500132800 15757.8 189
1745500142840 15815.6 190
1745500152943 11302.5 191
1745500162981 15785.6 192
1745500173016 11236.4 193
1745500183102 11273.4 194
1745500193151 14028.5 195
1745500203202 15800.7 196
1745500213309 12806.9 197
1745500223353 15636.1 198
1745500233407 11103.4 199
1745500243508 15665.5 200
1745500253561 11100.9 201
1745500263613 15657.7 202
1745500273934 11196.2 203
1745500283989 11186.1 204
1745500294047 11193.0 205
1745500304160 11720.7 206
1745500314207 11306.1 207
1745500324427 15838.3 208
1745500334561 11337.8 209
1745500344622 15872.0 210
1745500354667 15812.9 211
1745500364763 13598.5 212
1745500374804 15795.6 213
1745500384852 11343.8 214
1745500394963 15872.4 215
1745500404998 11293.1 216
1745500415112 11290.6 217
1745500425218 11352.0 218
1745500435726 15930.0 219
1745500445795 11344.0 220
1745500456426 15973.0 221
1745500466479 11371.5 222
1745500477142 15908.1 223
1745500487199 11348.1 224
1745500497677 15899.9 225
1745500508422 11380.8 226
1745500518474 11344.7 227
1745500528567 11383.2 228
1745500538607 11793.4 229
1745500548647 16076.5 230
1745500558800 11443.5 231
1745500568837 15869.5 232
1745500578888 12863.9 233
1745500589084 11305.4 234
1745500599373 15976.1 235
1745500609412 11419.8 236
1745500619519 13145.5 237
1745500629546 16126.6 238
1745500640372 16004.4 239
1745500650467 11394.4 240
1745500660516 11333.0 241
1745500670557 11324.7 242
1745500680680 11302.1 243
1745500690718 11432.7 244
1745500700769 11187.3 245
1745500711304 15808.7 246
1745500721353 11182.0 247
1745500731393 15775.6 248
1745500741479 15776.6 249
1745500751536 11342.6 250
1745500761573 15821.9 251
1745500771667 15835.6 252
1745500781714 11355.8 253
1745500791943 15911.3 254
1745500802054 11304.7 255
1745500812095 10999.7 256
1745500822116 11026.1 257
1745500832672 11575.0 258
1745500842794 11132.7 259
1745500852834 15728.9 260
1745500862883 15715.9 261
1745500873017 11230.7 262
1745500883056 15714.3 263
1745500893106 13876.4 264
1745500903267 11175.5 265
1745500913320 15786.6 266
1745500923370 11193.2 267
1745500933475 15794.9 268
1745500943911 10955.9 269
1745500953957 10960.9 270
1745500964899 10964.2 271
1745500974929 11021.7 272
1745500984985 15556.4 273
1745500995071 15630.1 274
1745501005114 11363.9 275
1745501015161 15847.6 276
1745501025274 15859.3 277
1745501035321 11254.5 278
1745501045345 15886.1 279
1745501055475 15833.5 280
1745501065524 11385.8 281
1745501075563 15914.8 282
1745501085659 11431.3 283
1745501095699 11417.1 284
1745501105734 11393.0 285
1745501116379 11954.8 286
1745501126426 11291.2 287
1745501136461 12492.1 288
1745501146649 15755.0 289
1745501156691 11307.3 290
1745501166715 15812.6 291
1745501176833 15782.0 292
1745501186860 11296.1 293
1745501196917 15780.2 294
1745501207023 15858.8 295
1745501217067 11283.0 296
1745501227110 11094.7 297
1745501237828 11110.7 298
1745501247849 11151.1 299
1745501257900 11614.4 300
1745501268033 15554.2 301
1745501278068 11238.7 302
1745501288109 15747.8 303
1745501298235 11620.8 304
1745501308271 11240.7 305
1745501318307 15764.7 306
1745501328407 12089.2 307
1745501338455 14475.8 308
1745501349029 15955.8 309
1745501359071 11449.8 310
1745501369353 11467.9 311
1745501379406 11474.4 312
1745501389430 11446.2 313
1745501399617 11837.8 314
1745501409666 16089.1 315
1745501419702 14154.0 316
1745501429843 11458.1 317
1745501439886 15932.4 318
1745501449927 16040.8 319
1745501460096 11510.9 320
1745501470137 16060.2 321
1745501480162 16053.7 322
1745501490284 11474.9 323
1745501500333 15985.8 324
1745501510376 16023.2 325
1745501520802 11503.9 326
1745501531232 11506.0 327
1745501541270 11488.7 328
1745501551382 11590.3 329
1745501561435 11365.2 330
1745501571479 15863.5 331
1745501581577 15832.3 332
1745501591614 11362.8 333
1745501601646 15886.2 334
1745501612409 15845.1 335
1745501622447 11324.0 336
1745501632494 15178.6 337
1745501642748 15849.3 338
1745501652786 11285.5 339
1745501663130 11315.0 340
1745501673221 11327.0 341
1745501683253 11318.3 342
1745501693310 11620.2 343
1745501703423 15970.8 344
1745501713467 15581.0 345
1745501723507 11063.1 346
1745501733594 15587.7 347
1745501743647 15593.1 348
1745501753692 11082.1 349
1745501763790 15652.3 350
1745501773831 15571.1 351
1745501783877 11104.2 352
1745501793993 12565.4 353
1745501804051 15618.4 354
1745501814905 11129.4 355
1745501825305 11138.9 356
1745501837148 11178.5 357
1745501847196 11225.5 358
1745501857237 15756.6 359
1745501867332 15767.2 360
1745501877371 11257.5 361
1745501887407 15784.7 362
1745501897495 15791.5 363
1745501907548 11296.2 364
1745501917583 15765.0 365
1745501927680 15781.9 366
1745501937732 11257.8 367
1745501947780 15775.6 368
1745501957895 11317.8 369
1745501967952 11316.0 370
1745501977973 11308.0 371
1745501988079 11779.8 372
1745501998099 15863.2 373
1745502008154 11377.4 374
1745502018262 15926.2 375
1745502028303 15850.6 376
1745502038342 11389.3 377
1745502048433 15887.6 378
1745502058478 15931.3 379
1745502068523 11395.5 380
1745502078705 15946.9 381
1745502088942 15799.5 382
1745502098995 11230.2 383
1745502109086 11234.7 384
1745502119131 11232.2 385
1745502129294 11238.3 386
1745502139474 11317.7 387
1745502149507 15825.0 388
1745502159542 15845.0 389
1745502169629 11365.4 390
1745502179678 11503.5 391
1745502189723 15883.7 392
1745502199843 12613.6 393
1745502209895 11343.5 394
1745502219917 15874.3 395
1745502230021 15875.6 396
1745502240051 11336.9 397
1745502250109 11384.8 398
1745502260247 11398.0 399
1745502270377 11398.5 400
1745502280444 11410.0 401
1745502290555 11455.1 402
1745502300602 15949.1 403
1745502310651 16001.0 404
1745502320738 11497.3 405
1745502330952 15544.6 406
1745502341688 15957.7 407
1745502351741 11436.9 408
1745502361938 11460.1 409
1745502371984 15965.2 410
1745502382029 11644.2 411
1745502392990 11449.9 412
1745502403511 11449.1 413
1745502414062 11476.5 414
1745502424160 11467.8 415
1745502434212 11930.2 416
1745502444615 15971.0 417
1745502454728 11455.4 418
1745502464767 11709.5 419
1745502474804 15939.5 420
1745502484923 15978.8 421
1745502494965 11420.7 422
1745502505003 15981.9 423
1745502515091 16033.8 424
1745502525145 11456.6 425
1745502535184 13525.7 426
1745502546259 16020.1 427
1745502557037 11500.0 428
1745502567920 11502.9 429
1745502577957 11461.4 430
1745502588470 11622.1 431
1745502598515 10470.2 432
1745502608553 10526.4 433
1745502618647 14839.2 434
1745502628704 14802.9 435
1745502638743 10342.8 436
1745502648885 10312.2 437
1745502658932 14828.4 438
1745502668973 14842.6 439
1745502679079 10765.1 440
1745502689117 10364.6 441
1745502699511 14850.7 442
1745502709633 10427.1 443
1745502720098 10372.6 444
1745502730149 10397.0 445
1745502740247 10709.6 446
1745502750292 11126.3 447
1745502760332 10683.7 448
1745502770419 15268.4 449
1745502780467 15272.7 450
1745502790542 10671.6 451
1745502800652 12112.9 452
1745502810708 15366.5 453
1745502820772 12533.2 454
1745502830887 10786.2 455
1745502840929 15255.5 456
1745502851856 15302.5 457
1745502861931 10819.2 458
1745502872038 10803.9 459
1745502882089 10820.2 460
1745502892184 10828.2 461
1745502903267 10791.5 462
1745502913334 10788.9 463
1745502923371 15383.0 464
1745502933907 15415.5 465
1745502943961 10896.6 466
1745502954021 13426.0 467
1745502964130 15381.6 468
1745502974179 11582.2 469
1745502984216 10859.0 470
1745502994359 15359.2 471
1745503005060 15424.9 472
1745503015118 10905.0 473
1745503025263 10903.7 474
1745503035315 10875.3 475
1745503045369 10888.7 476
1745503056230 10836.6 477
1745503066295 10929.0 478
1745503076351 15525.6 479
1745503086846 15546.1 480
1745503096892 11073.2 481
1745503106953 11116.0 482
1745503117055 15595.0 483
1745503127099 12746.0 484
1745503137142 11044.4 485
1745503147273 15556.5 486
1745503157521 15626.4 487
1745503168471 11092.9 488
1745503178510 11120.7 489
1745503188624 11106.1 490
1745503198661 11108.8 491
1745503209275 11103.6 492
1745503219410 11205.0 493
1745503229498 15734.5 494
1745503240477 15775.1 495
1745503250592 11176.6 496
1745503260644 12143.2 497
1745503270730 15583.1 498
1745503280865 15522.2 499
1745503290933 11091.2 500
1745503301013 15566.7 501
1745503311981 15604.6 502
1745503322090 11011.0 503
1745503332155 11020.4 504
1745503342274 11045.6 505
1745503352336 11048.6 506
1745503363228 11045.8 507
1745503373272 11131.5 508
1745503383389 15604.0 509
1745503393784 15653.2 510
1745503403865 11118.3 511
1745503413985 11442.1 512
1745503425104 15680.5 513
1745503435149 11119.1 514
1745503445267 11138.3 515
1745503455322 15651.9 516
1745503465356 15806.4 517
1745503475463 11135.1 518
1745503485514 11188.9 519
1745503495568 11206.3 520
1745503505676 11221.2 521
1745503516815 11223.7 522
1745503526864 11111.4 523
1745503536965 12897.5 524
1745503547012 15663.8 525
1745503557129 15692.8 526
1745503567235 11107.5 527
1745503577275 11128.8 528
1745503587326 15770.7 529
1745503597704 15739.7 530
1745503607752 11188.6 531
1745503617808 11148.3 532
1745503630174 15571.4 533
1745503640266 11065.8 534
1745503650334 11021.7 535
1745503660382 11019.5 536
1745503671296 11057.8 537
1745503681330 11102.8 538
1745503691368 10734.7 539
1745503701471 15264.5 540
1745503711515 15293.0 541
1745503721561 10714.0 542
1745503731678 15228.0 543
1745503742785 15290.6 544
1745503752841 10746.7 545
1745503762965 13999.6 546
1745503773008 15309.3 547
1745503783425 15233.3 548
1745503793550 10741.4 549
1745503803615 10770.5 550
1745503813663 10772.5 551
1745503823723 10862.3 552
1745503833871 10829.2 553
1745503843912 15463.6 554
1745503854456 15382.5 555
1745503864557 10910.0 556
1745503874620 11800.3 557
1745503884669 15435.5 558
1745503894796 15414.6 559
1745503904846 10934.7 560
1745503914883 15425.3 561
1745503924969 15500.5 562
1745503935009 12490.9 563
1745503945054 10973.4 564
1745503955154 10978.9 565
1745503965190 10929.7 566
1745503975225 10989.4 567
1745503985346 11024.4 568
1745503995395 15666.1 569
1745504005748 15612.4 570
1745504015902 11038.7 571
1745504025940 11088.7 572
1745504035980 15589.2 573
1745504046091 15576.7 574
1745504056136 11113.5 575
1745504066188 12052.9 576
1745504077388 15630.3 577
1745504088249 11065.4 578
1745504098335 11026.7 579
1745504108903 11040.3 580
1745504118945 11052.4 581
1745504128993 11537.0 582
1745504139096 15830.3 583
1745504149327 15911.2 584
1745504159395 11292.7 585
1745504169459 13603.0 586
1745504179566 15792.3 587
1745504189603 14540.3 588
1745504199647 11250.0 589
1745504209778 15800.8 590
1745504219819 15891.5 591
1745504229870 12489.9 592
1745504240045 11319.8 593
1745504250112 11282.0 594
1745504260150 11289.0 595
1745504270260 11281.6 596
1745504280310 11414.8 597
1745504290369 11366.2 598
1745504300483 15660.8 599
1745504310996 15617.5 600
1745504321069 11082.8 601
1745504331173 11005.1 602
1745504341232 15589.9 603
1745504351280 15107.6 604
1745504361383 11124.1 605
1745504371439 11142.6 606
1745504381484 15706.4 607
1745504391599 15665.6 608
1745504401643 11097.8 609
1745504412183 11124.0 610
1745504422273 10826.3 611
1745504432309 10930.6 612
1745504442354 10980.4 613
1745504452473 15618.3 614
1745504463182 15529.5 615
1745504473244 11064.0 616
1745504483387 11053.4 617
1745504493445 15594.0 618
1745504504172 15671.7 619
1745504514291 11128.5 620
1745504524334 11108.7 621
1745504534368 15691.6 622
1745504545765 15690.0 623
1745504555896 11117.8 624
1745504565940 11149.2 625
1745504576003 11109.8 626
1745504587887 11132.9 627
1745504597962 11165.4 628
1745504608018 11266.3 629
1745504618126 15775.5 630
1745504628294 15831.7 631
1745504638347 11236.6 632
1745504648454 15412.9 633
1745504658508 15869.9 634
1745504668569 11416.8 635
1745504678679 11238.8 636
1745504688743 15862.0 637
1745504701065 15830.2 638
1745504711136 11266.3 639
1745504722091 11295.2 640
1745504732136 11294.8 641
1745504742215 11344.3 642
1745504752324 11376.6 643
1745504762376 15994.4 644
1745504773455 16004.6 645
1745504783566 11348.8 646
1745504793623 11339.5 647
1745504803675 15897.1 648
1745504813932 15989.9 649
1745504823966 11412.3 650
1745504834004 15518.2 651
1745504844098 16027.4 652
1745504854516 15950.2 653
1745504864571 11391.7 654
1745504874698 11414.1 655
1745504884766 11409.0 656
1745504895987 11385.3 657
1745504906045 11489.4 658
1745504916191 11509.1 659
1745504926235 15814.4 660
1745504936735 15869.0 661
1745504946845 11262.9 662
1745504956902 14378.9 663
1745504966947 15924.2 664
1745504977059 15840.9 665
1745504987107 11276.2 666
1745504997158 11320.9 667
1745505009872 15876.5 668
1745505019920 11323.7 669
1745505029967 11487.8 670
1745505040081 11493.5 671
1745505050967 11457.5 672
1745505061040 11530.1 673
1745505071122 11476.0 674
1745505081219 16036.8 675
1745505091554 16161.4 676
1745505101628 11550.2 677
1745505111757 11237.8 678
1745505121795 15927.6 679
1745505132615 15856.8 680
1745505142730 11251.4 681
1745505152777 11346.9 682
1745505162855 15844.0 683
1745505172984 11246.0 684
1745505184293 11277.7 685
1745505194589 11289.5 686
1745505207613 11280.5 687
1745505217736 11584.3 688
1745505227788 11022.7 689
1745505237830 15600.9 690
1745505248445 15565.8 691
1745505258501 10971.4 692
1745505268541 13514.1 693
1745505278634 15707.3 694
1745505289009 15668.2 695
1745505299073 11165.3 696
1745505309194 11190.8 697
1745505319631 15836.2 698
1745505329718 10837.3 699
1745505339843 10886.2 700
1745505350088 10886.5 701
1745505361501 10858.6 702
1745505372579 11030.8 703
1745505382702 11024.2 704
1745505392776 11035.6 705
1745505402854 15550.7 706
1745505413698 15610.9 707
1745505423768 11117.6 708
1745505433839 11115.4 709
1745505443948 15607.4 710
1745505454615 15624.4 711
1745505464680 11065.6 712
1745505474789 11062.0 713
1745505484850 13244.4 714
1745505494915 11074.1 715
1745505506385 11085.8 716
1745505516453 11062.9 717
1745505526509 11518.4 718
1745505536626 15781.9 719
1745505547700 15807.3 720
1745505557772 11233.1 721
1745505567809 11244.7 722
1745505577926 15796.8 723
1745505588724 15863.8 724
1745505598798 11265.2 725
1745505608909 11744.7 726
1745505618968 15838.8 727
1745505629011 15831.4 728
1745505639146 11264.9 729
1745505650445 11234.6 730
1745505660914 11235.3 731
1745505671012 11252.5 732
1745505681089 11312.9 733
1745505691148 11394.5 734
1745505701252 11334.6 735
1745505711309 15931.3 736
1745505721378 15972.1 737
1745505732892 11416.4 738
1745505743003 11406.7 739
1745505753068 15919.4 740
1745505763140 16010.0 741
1745505774009 15933.4 742
1745505784068 11354.4 743
1745505794114 11358.7 744
1745505804225 13607.9 745
1745505815517 11355.4 746
1745505825598 11365.6 747
1745505835711 11378.8 748
1745505845760 11825.4 749
1745505855807 15717.6 750
1745505865923 15621.3 751
1745505876120 14430.0 752
1745505886192 11121.4 753
1745505896319 11774.1 754
1745505906365 15649.3 755
1745505917384 15681.0 756
1745505927479 11187.7 757
1745505937531 11175.5 758
1745505947599 15704.8 759
1745505959683 15836.4 760
1745505969795 11256.0 761
1745505979854 11263.0 762
1745505989922 11241.7 763
1745506002327 11267.2 764
1745506012405 11289.7 765
1745506022457 11323.5 766
1745506032576 15860.6 767
1745506043788 15859.0 768
1745506053863 11283.8 769
1745506063908 11283.0 770
1745506074016 15890.4 771
1745506084071 15920.0 772
1745506094103 11321.4 773
1745506104237 11321.9 774
1745506117209 16089.0 775
1745506127274 11435.1 776
1745506137388 11475.6 777
1745506147455 11445.5 778
1745506157538 11424.6 779
1745506169178 11559.9 780
1745506179294 11033.1 781
1745506189364 10953.4 782
1745506199419 15555.6 783
1745506209523 15554.6 784
1745506219578 11864.8 785
1745506229624 10695.3 786
1745506239746 12371.2 787
1745506249784 15301.2 788
1745506259836 11095.9 789
1745506269962 10723.5 790
1745506280061 13028.6 791
1745506290122 10724.8 792
1745506300264 10731.9 793
1745506310299 10736.3 794
1745506320384 10841.4 795
1745506330485 10940.3 796
1745506340567 14966.0 797
1745506350622 15595.0 798
1745506360728 15522.9 799
1745506370777 10929.8 800
1745506380821 12865.1 801
1745506390931 15585.7 802
1745506401251 15636.1 803
1745506411324 10990.5 804
1745506421461 10981.3 805
1745506432074 15616.4 806
1745506442142 10954.5 807
1745506452246 10999.6 808
1745506462306 11002.3 809
1745506472376 11030.1 810
1745506482494 11497.8 811
1745506492563 15845.1 812
1745506503875 15926.5 813
1745506514008 11321.2 814
1745506524116 11288.1 815
1745506534170 15878.6 816
1745506544224 15912.8 817
1745506554326 11408.9 818
1745506564375 11313.9 819
1745506574434 15550.5 820
1745506586128 15893.4 821
1745506596164 11282.2 822
1745506606201 11277.5 823
1745506616305 11277.9 824
1745506626792 11301.8 825
1745506636892 11294.0 826
1745506646997 11389.3 827
1745506657474 12442.2 828
1745506667522 11004.8 829
1745506677655 10969.4 830
1745506687714 15682.0 831
1745506697761 15720.0 832
1745506708559 15640.7 833
1745506718602 11027.4 834
1745506728673 11024.1 835
1745506738831 15644.1 836
1745506748876 15593.4 837
1745506759170 13870.1 838
1745506769294 11150.4 839
1745506779338 11203.9 840
1745506792469 15599.1 841
1745506803147 11057.1 842
1745506813944 11084.4 843
1745506824001 11093.5 844
1745506836877 11090.8 845
1745506846918 11211.4 846
1745506857035 10950.7 847
1745506867106 15527.0 848
1745506878202 15462.6 849
1745506888329 10842.8 850
1745506898389 10896.0 851
1745506908435 15523.5 852
1745506918558 15561.1 853
1745506928851 15552.2 854
1745506938914 10929.7 855
1745506949066 10859.8 856
1745506959109 15496.3 857
1745506970490 15528.3 858
1745506980563 10936.9 859
1745506990679 10972.2 860
1745507000798 11021.8 861
1745507011777 11070.9 862
1745507021902 11071.3 863
1745507031962 11458.0 864
1745507042028 15834.6 865
1745507052129 15727.4 866
1745507062373 15083.2 867
1745507072439 11044.9 868
1745507082561 11032.7 869
1745507092629 15719.6 870
1745507104089 15740.0 871
1745507114216 11045.8 872
1745507124260 11136.4 873
1745507134301 15457.7 874
1745507144417 15456.7 875
1745507154480 11218.7 876
