1745498227248 0.0 0
1745498237336 33.9 1
1745498247367 23.1 2
1745498257408 19.7 3
1745498267494 19.2 4
1745498277526 11.4 5
1745498287563 14.6 6
1745498297752 15.7 7
1745498307847 11.4 8
1745498317957 12.9 9
1745498328037 17.5 10
1745498338142 20.1 11
1745498348172 11.1 12
1745498358248 11.0 13
1745498368321 10.3 14
1745498378413 12.7 15
1745498388506 9.1 16
1745498398596 12.8 17
1745498408643 16.8 18
1745498418749 23.7 19
1745498428787 21.0 20
1745498438866 19.8 21
1745498448893 16.9 22
1745498459021 32.3 23
1745498469085 13.5 24
1745498479123 12.2 25
1745498489156 19.3 26
1745498499237 10.1 27
1745498509281 13.1 28
1745498519311 11.3 29
1745498529440 13.3 30
1745498539464 11.3 31
1745498549502 9.9 32
1745498559596 14.2 33
1745498569643 24.4 34
1745498579681 14.5 35
1745498589760 12.1 36
1745498599784 13.9 37
1745498609819 9.8 38
1745498619954 12.2 39
1745498629989 10.7 40
1745498640021 11.4 41
1745498650099 12.4 42
1745498660148 11.5 43
1745498670202 14.1 44
1745498680301 24.0 45
1745498690347 13.1 46
1745498700395 12.7 47
1745498710549 10.2 48
1745498720756 12.6 49
1745498730814 12.3 50
1745498740894 13.2 51
1745498750943 8.9 52
1745498761000 13.2 53
1745498771212 9.1 54
1745498781258 12.3 55
1745498791290 23.5 56
1745498801414 13.8 57
1745498811452 13.4 58
1745498821482 12.0 59
1745498831583 13.9 60
1745498841609 9.6 61
1745498851643 15.1 62
1745498861759 9.6 63
1745498871785 10.7 64
1745498881824 11.2 65
1745498891918 9.9 66
1745498901970 25.3 67
1745498912129 16.1 68
1745498922212 11.8 69
1745498932493 13.7 70
1745498942517 10.9 71
1745498952605 16.2 72
1745498962633 9.6 73
1745498972675 14.4 74
1745498982774 9.0 75
1745498992810 6.8 76
1745499002846 12.8 77
1745499012947 12.6 78
1745499022985 15.6 79
1745499033024 22.3 80
1745499043123 13.2 81
1745499053156 12.7 82
1745499063191 11.3 83
1745499073339 14.9 84
1745499083369 10.9 85
1745499093406 14.5 86
1745499103514 12.0 87
1745499113543 13.4 88
1745499123585 12.3 89
1745499133680 16.4 90
1745499143725 21.1 91
1745499153751 12.3 92
1745499163880 12.1 93
1745499173947 13.3 94
1745499183999 10.9 95
1745499194410 13.0 96
1745499204556 12.2 97
1745499214593 13.7 98
1745499224641 12.3 99
1745499234719 11.0 100
1745499244771 15.3 101
1745499254818 22.4 102
1745499264905 12.6 103
1745499274925 10.8 104
1745499284958 14.1 105
1745499295033 11.2 106
1745499305065 13.7 107
1745499315102 9.8 108
1745499325213 13.4 109
1745499335237 9.5 110
1745499345299 13.0 111
1745499355406 12.3 112
1745499365456 22.7 113
1745499375484 15.9 114
1745499385591 12.0 115
1745499395609 12.4 116
1745499405712 13.2 117
1745499415881 10.2 118
1745499425925 12.3 119
1745499435944 11.3 120
1745499446366 12.2 121
1745499456458 10.1 122
1745499466884 13.0 123
1745499477577 22.6 124
1745499487619 13.4 125
1745499497663 11.6 126
1745499507739 6.4 127
1745499517796 13.2 128
1745499527832 10.5 129
1745499537932 14.7 130
1745499547961 9.6 131
1745499558004 14.1 132
1745499568125 9.3 133
1745499578153 13.0 134
1745499588299 14.9 135
1745499598443 22.7 136
1745499608488 11.7 137
1745499618526 11.2 138
1745499628639 13.7 139
1745499638667 11.0 140
1745499648712 13.8 141
1745499658835 11.7 142
1745499668886 12.4 143
1745499678949 11.7 144
1745499689048 12.0 145
1745499699073 12.1 146
1745499709132 22.5 147
1745499719243 14.1 148
1745499729302 13.1 149
1745499739356 11.2 150
1745499749444 14.7 151
1745499759470 10.3 152
1745499769517 14.2 153
1745499779616 11.0 154
1745499789650 13.4 155
1745499799691 9.8 156
1745499810136 12.8 157
1745499820194 19.2 158
1745499830256 16.9 159
1745499840351 11.5 160
1745499850391 13.4 161
1745499860434 10.3 162
1745499870514 14.3 163
1745499880572 6.4 164
1745499890620 9.9 165
1745499900737 13.1 166
1745499910859 11.7 167
1745499920887 12.8 168
1745499930945 10.8 169
1745499941178 16.8 170
1745499951297 19.9 171
1745499961343 11.8 172
1745499971421 10.4 173
1745499981463 13.8 174
1745499991500 9.7 175
1745500001594 13.4 176
1745500011622 9.5 177
1745500021673 14.5 178
1745500031779 10.7 179
1745500041806 13.4 180
1745500051847 12.8 181
1745500061985 20.5 182
1745500072018 13.4 183
1745500082067 14.0 184
1745500092185 11.8 185
1745500102257 13.8 186
1745500112630 10.6 187
1745500122734 10.0 188
1745500132760 12.3 189
1745500142809 10.1 190
1745500152911 13.2 191
1745500162934 8.8 192
1745500172969 16.5 193
1745500183086 21.8 194
1745500193122 11.2 195
1745500203183 11.4 196
1745500213287 13.7 197
1745500223321 9.5 198
1745500233391 14.0 199
1745500243493 9.5 200
1745500253545 12.5 201
1745500263582 10.0 202
1745500273934 12.9 203
1745500284002 10.1 204
1745500294047 22.1 205
1745500304166 14.2 206
1745500314223 11.7 207
1745500324427 11.8 208
1745500334545 10.9 209
1745500344594 12.8 210
1745500354632 9.2 211
1745500364745 13.4 212
1745500374772 8.8 213
1745500384836 13.5 214
1745500394931 9.8 215
1745500404982 15.3 216
1745500415130 20.2 217
1745500425234 11.6 218
1745500435726 12.9 219
1745500445779 11.0 220
1745500456442 12.9 221
1745500466495 9.8 222
1745500477142 12.5 223
1745500487199 9.7 224
1745500497673 12.1 225
1745500508422 9.9 226
1745500518490 11.9 227
1745500528583 21.2 228
