1745498227248 210454.5 0
1745498237336 208700.2 1
1745498247367 200630.7 2
1745498257408 205817.6 3
1745498267494 205817.6 4
1745498277526 205817.1 5
1745498287563 205817.1 6
1745498297752 205817.1 7
1745498307847 200384.9 8
1745498317957 200384.9 9
1745498328037 200384.9 10
1745498338142 209244.5 11
1745498348172 209204.5 12
1745498358248 201025.2 13
1745498368321 199083.7 14
1745498378413 199083.7 15
1745498388506 199083.7 16
1745498398596 199083.7 17
1745498408643 206217.3 18
1745498418749 200183.2 19
1745498428787 200183.2 20
1745498438866 199720.7 21
1745498448893 199720.7 22
1745498459021 208564.2 23
1745498469085 200599.3 24
1745498479123 200599.3 25
1745498489156 200599.3 26
1745498499237 200599.3 27
1745498509281 200599.3 28
1745498519311 200599.3 29
1745498529440 207826.5 30
1745498539464 199656.6 31
1745498549502 199656.6 32
1745498559596 208620.6 33
1745498569643 208804.8 34
1745498579681 208804.7 35
1745498589760 200723.4 36
1745498599784 200723.4 37
1745498609819 200723.4 38
1745498619954 200723.4 39
1745498629989 200723.4 40
1745498640021 200723.4 41
1745498650099 200723.4 42
1745498660148 200723.4 43
1745498670202 200723.4 44
1745498680301 208811.0 45
1745498690347 208810.5 46
1745498700395 200631.5 47
1745498710549 200631.5 48
1745498720756 200631.5 49
1745498730814 200009.2 50
1745498740894 200009.2 51
1745498750943 200009.2 52
1745498761000 200009.2 53
1745498771212 200009.2 54
1745498781258 200009.2 55
1745498791290 208674.5 56
1745498801414 208674.1 57
1745498811452 200507.4 58
1745498821482 200507.4 59
1745498831583 199650.1 60
1745498841609 199650.1 61
1745498851643 205663.8 62
1745498861759 205663.8 63
1745498871785 205663.8 64
1745498881824 205663.8 65
1745498891918 205663.8 66
1745498901970 205663.8 67
1745498912129 208537.3 68
1745498922212 200400.4 69
1745498932493 200400.4 70
1745498942517 200400.4 71
1745498952605 199895.6 72
1745498962633 199895.6 73
1745498972675 205871.0 74
1745498982774 205871.0 75
1745498992810 205871.0 76
1745499002846 199548.5 77
1745499012947 198542.8 78
1745499022985 198542.8 79
1745499033024 208542.5 80
1745499043123 200407.4 81
1745499053156 200407.4 82
1745499063191 200407.4 83
1745499073339 200407.4 84
1745499083369 200407.4 85
1745499093406 200407.4 86
1745499103514 199900.7 87
1745499113543 199900.7 88
1745499123585 199900.7 89
1745499133680 208506.1 90
1745499143725 208505.6 91
1745499153751 200339.0 92
1745499163880 200339.0 93
1745499173947 200339.0 94
1745499183999 200339.0 95
1745499194410 200339.0 96
1745499204556 200339.0 97
1745499214593 199665.1 98
1745499224641 199665.1 99
1745499234719 199217.5 100
1745499244771 199217.5 101
1745499254818 208023.2 102
1745499264905 200057.7 103
1745499274925 200057.7 104
1745499284958 200057.7 105
1745499295033 200057.7 106
1745499305065 200057.7 107
1745499315102 199600.0 108
1745499325213 199600.0 109
1745499335237 199600.0 110
1745499345299 199600.0 111
1745499355406 208225.0 112
1745499365456 208224.9 113
1745499375484 208224.5 114
1745499385591 200155.1 115
1745499395609 200155.1 116
1745499405712 200155.1 117
1745499415881 207286.9 118
1745499425925 199213.1 119
1745499435944 205219.7 120
1745499446366 205219.7 121
1745499456458 205219.7 122
1745499466884 206639.3 123
1745499477577 207924.5 124
1745499487619 207924.1 125
1745499497663 199862.2 126
1745499507739 199862.2 127
1745499517796 199862.2 128
1745499527832 199862.2 129
1745499537932 199288.3 130
1745499547961 199288.3 131
1745499558004 199288.3 132
1745499568125 199287.8 133
1745499578153 199287.8 134
1745499588299 199287.8 135
1745499598443 208183.5 136
1745499608488 208183.5 137
1745499618526 200064.1 138
1745499628639 200064.1 139
1745499638667 200064.1 140
1745499648712 199507.9 141
1745499658835 199507.9 142
1745499668886 199507.9 143
1745499678949 199507.9 144
1745499689048 199507.9 145
1745499699073 199507.9 146
1745499709132 208002.6 147
1745499719243 208002.1 148
1745499729302 199836.4 149
1745499739356 199836.4 150
1745499749444 199836.4 151
1745499759470 199836.4 152
1745499769517 199268.0 153
1745499779616 205225.1 154
1745499789650 205225.1 155
1745499799691 205225.1 156
1745499810136 205225.1 157
1745499820194 205225.1 158
1745499830256 207631.9 159
1745499840351 199636.5 160
1745499850391 199636.5 161
1745499860434 199636.5 162
1745499870514 199636.5 163
1745499880572 199636.5 164
1745499890620 199636.5 165
1745499900737 199636.5 166
1745499910859 199636.5 167
1745499920887 199636.5 168
1745499930945 198292.8 169
1745499941178 198292.8 170
1745499951297 207185.2 171
1745499961343 207330.2 172
1745499971421 199260.6 173
1745499981463 199260.6 174
1745499991500 198953.7 175
1745500001594 204916.6 176
1745500011622 204916.6 177
1745500021673 204916.6 178
1745500031779 204916.6 179
1745500041806 204916.6 180
1745500051847 206183.1 181
1745500061985 207361.5 182
1745500072018 207361.0 183
1745500082067 199199.2 184
1745500092185 199199.2 185
1745500102257 199199.2 186
1745500112630 199199.2 187
1745500122734 199199.2 188
1745500132760 199199.2 189
1745500142809 198661.6 190
1745500152911 204734.8 191
1745500162934 204734.8 192
1745500172969 206213.6 193
1745500183086 207044.2 194
1745500193122 198879.9 195
1745500203183 198879.9 196
1745500213287 198504.1 197
1745500223321 198504.1 198
1745500233391 198504.1 199
1745500243493 198504.1 200
1745500253545 198504.1 201
1745500263582 198504.1 202
1745500273934 198504.1 203
1745500284002 198504.1 204
1745500294047 206902.5 205
1745500304166 206902.0 206
1745500314223 198924.4 207
1745500324427 198924.4 208
1745500334545 206682.3 209
1745500344594 198609.2 210
1745500354632 198609.2 211
1745500364745 198185.9 212
1745500374772 198185.9 213
1745500384836 198185.9 214
1745500394931 198185.9 215
1745500404982 198185.9 216
1745500415130 206804.1 217
1745500425234 206972.2 218
1745500435726 198908.0 219
1745500445779 198908.0 220
1745500456442 198500.8 221
1745500466495 198500.8 222
1745500477142 204460.3 223
1745500487199 204460.3 224
1745500497673 204460.3 225
1745500508422 204460.3 226
1745500518490 206131.1 227
1745500528583 206920.0 228
