1745498227248 337904.7 0
1745498237336 339658.9 1
1745498247367 347728.4 2
1745498257408 342541.5 3
1745498267494 342541.5 4
1745498277526 342542.0 5
1745498287563 342542.0 6
1745498297752 342542.0 7
1745498307847 347974.2 8
1745498317957 347974.2 9
1745498328037 347974.2 10
1745498338142 339114.6 11
1745498348172 339154.6 12
1745498358248 347333.9 13
1745498368321 349275.4 14
1745498378413 349275.4 15
1745498388506 349275.4 16
1745498398596 349275.5 17
1745498408643 342141.8 18
1745498418749 348175.9 19
1745498428787 348175.9 20
1745498438866 348638.4 21
1745498448893 348638.4 22
1745498459021 339794.9 23
1745498469085 347759.8 24
1745498479123 347759.8 25
1745498489156 347759.8 26
1745498499237 347759.8 27
1745498509281 347759.8 28
1745498519311 347759.8 29
1745498529440 340532.6 30
1745498539464 348702.5 31
1745498549502 348702.5 32
1745498559596 339738.5 33
1745498569643 339554.3 34
1745498579681 339554.4 35
1745498589760 347635.7 36
1745498599784 347635.7 37
1745498609819 347635.7 38
1745498619954 347635.7 39
1745498629989 347635.7 40
1745498640021 347635.7 41
1745498650099 347635.7 42
1745498660148 347635.7 43
1745498670202 347635.7 44
1745498680301 339548.1 45
1745498690347 339548.6 46
1745498700395 347727.6 47
1745498710549 347727.6 48
1745498720756 347727.6 49
1745498730814 348349.9 50
1745498740894 348349.9 51
1745498750943 348349.9 52
1745498761000 348349.9 53
1745498771212 348349.9 54
1745498781258 348349.9 55
1745498791290 339684.6 56
1745498801414 339685.0 57
1745498811452 347851.7 58
1745498821482 347851.7 59
1745498831583 348709.0 60
1745498841609 348709.0 61
1745498851643 342695.3 62
1745498861759 342695.3 63
1745498871785 342695.3 64
1745498881824 342695.3 65
1745498891918 342695.3 66
1745498901970 342695.3 67
1745498912129 339821.8 68
1745498922212 347958.7 69
1745498932493 347958.7 70
1745498942517 347958.7 71
1745498952605 348463.5 72
1745498962633 348463.5 73
1745498972675 342488.1 74
1745498982774 342488.1 75
1745498992810 342488.1 76
1745499002846 348810.6 77
1745499012947 349816.3 78
1745499022985 349816.3 79
1745499033024 339816.6 80
1745499043123 347951.7 81
1745499053156 347951.7 82
1745499063191 347951.7 83
1745499073339 347951.7 84
1745499083369 347951.7 85
1745499093406 347951.7 86
1745499103514 348458.4 87
1745499113543 348458.4 88
1745499123585 348458.4 89
1745499133680 339853.0 90
1745499143725 339853.5 91
1745499153751 348020.1 92
1745499163880 348020.1 93
1745499173947 348020.1 94
1745499183999 348020.1 95
1745499194410 348020.1 96
1745499204556 348020.1 97
1745499214593 348694.0 98
1745499224641 348694.0 99
1745499234719 349141.6 100
1745499244771 349141.6 101
1745499254818 340335.9 102
1745499264905 348301.4 103
1745499274925 348301.4 104
1745499284958 348301.4 105
1745499295033 348301.4 106
1745499305065 348301.4 107
1745499315102 348759.1 108
1745499325213 348759.1 109
1745499335237 348759.1 110
1745499345299 348759.1 111
1745499355406 340134.2 112
1745499365456 340134.2 113
1745499375484 340134.6 114
1745499385591 348204.0 115
1745499395609 348204.0 116
1745499405712 348204.0 117
1745499415881 341072.2 118
1745499425925 349146.0 119
1745499435944 343139.4 120
1745499446366 343139.4 121
1745499456458 343139.4 122
1745499466884 341719.8 123
1745499477577 340434.6 124
1745499487619 340435.0 125
1745499497663 348496.9 126
1745499507739 348496.9 127
1745499517796 348496.9 128
1745499527832 348496.9 129
1745499537932 349070.8 130
1745499547961 349070.8 131
1745499558004 349070.8 132
1745499568125 349071.3 133
1745499578153 349071.3 134
1745499588299 349071.3 135
1745499598443 340175.6 136
1745499608488 340175.6 137
1745499618526 348295.0 138
1745499628639 348295.0 139
1745499638667 348295.0 140
1745499648712 348851.2 141
1745499658835 348851.2 142
1745499668886 348851.2 143
1745499678949 348851.2 144
1745499689048 348851.2 145
1745499699073 348851.2 146
1745499709132 340356.6 147
1745499719243 340357.0 148
1745499729302 348522.7 149
1745499739356 348522.7 150
1745499749444 348522.7 151
1745499759470 348522.7 152
1745499769517 349091.1 153
1745499779616 343134.0 154
1745499789650 343134.0 155
1745499799691 343134.0 156
1745499810136 343134.0 157
1745499820194 343134.0 158
1745499830256 340727.2 159
1745499840351 348722.7 160
1745499850391 348722.7 161
1745499860434 348722.7 162
1745499870514 348722.7 163
1745499880572 348722.7 164
1745499890620 348722.7 165
1745499900737 348722.7 166
1745499910859 348722.7 167
1745499920887 348722.7 168
1745499930945 350066.3 169
1745499941178 350066.3 170
1745499951297 341173.9 171
1745499961343 341028.9 172
1745499971421 349098.5 173
1745499981463 349098.5 174
1745499991500 349405.4 175
1745500001594 343442.5 176
1745500011622 343442.5 177
1745500021673 343442.5 178
1745500031779 343442.5 179
1745500041806 343442.5 180
1745500051847 342176.0 181
1745500061985 340997.6 182
1745500072018 340998.1 183
1745500082067 349159.9 184
1745500092185 349159.9 185
1745500102257 349159.9 186
1745500112630 349159.9 187
1745500122734 349159.9 188
1745500132760 349159.9 189
1745500142809 349697.5 190
1745500152911 343624.3 191
1745500162934 343624.3 192
1745500172969 342145.5 193
1745500183086 341314.9 194
1745500193122 349479.2 195
1745500203183 349479.2 196
1745500213287 349855.0 197
1745500223321 349855.0 198
1745500233391 349855.0 199
1745500243493 349855.0 200
1745500253545 349855.0 201
1745500263582 349855.0 202
1745500273934 349855.0 203
1745500284002 349855.0 204
1745500294047 341456.6 205
1745500304166 341457.1 206
1745500314223 349434.7 207
1745500324427 349434.7 208
1745500334545 341676.9 209
1745500344594 349749.9 210
1745500354632 349749.9 211
1745500364745 350173.2 212
1745500374772 350173.2 213
1745500384836 350173.2 214
1745500394931 350173.2 215
1745500404982 350173.2 216
1745500415130 341555.0 217
1745500425234 341386.9 218
1745500435726 349451.1 219
1745500445779 349451.1 220
1745500456442 349858.3 221
1745500466495 349858.3 222
1745500477142 343898.8 223
1745500487199 343898.8 224
1745500497673 343898.8 225
1745500508422 343898.8 226
1745500518490 342228.0 227
1745500528583 341439.1 228
