1745498227248 61.6 0
1745498237336 61.9 1
1745498247367 63.4 2
1745498257408 62.5 3
1745498267494 62.5 4
1745498277526 62.5 5
1745498287563 62.5 6
1745498297752 62.5 7
1745498307847 63.5 8
1745498317957 63.5 9
1745498328037 63.5 10
1745498338142 61.8 11
1745498348172 61.8 12
1745498358248 63.3 13
1745498368321 63.7 14
1745498378413 63.7 15
1745498388506 63.7 16
1745498398596 63.7 17
1745498408643 62.4 18
1745498418749 63.5 19
1745498428787 63.5 20
1745498438866 63.6 21
1745498448893 63.6 22
1745498459021 62.0 23
1745498469085 63.4 24
1745498479123 63.4 25
1745498489156 63.4 26
1745498499237 63.4 27
1745498509281 63.4 28
1745498519311 63.4 29
1745498529440 62.1 30
1745498539464 63.6 31
1745498549502 63.6 32
1745498559596 62.0 33
1745498569643 61.9 34
1745498579681 61.9 35
1745498589760 63.4 36
1745498599784 63.4 37
1745498609819 63.4 38
1745498619954 63.4 39
1745498629989 63.4 40
1745498640021 63.4 41
1745498650099 63.4 42
1745498660148 63.4 43
1745498670202 63.4 44
1745498680301 61.9 45
1745498690347 61.9 46
1745498700395 63.4 47
1745498710549 63.4 48
1745498720756 63.4 49
1745498730814 63.5 50
1745498740894 63.5 51
1745498750943 63.5 52
1745498761000 63.5 53
1745498771212 63.5 54
1745498781258 63.5 55
1745498791290 61.9 56
1745498801414 61.9 57
1745498811452 63.4 58
1745498821482 63.4 59
1745498831583 63.6 60
1745498841609 63.6 61
1745498851643 62.5 62
1745498861759 62.5 63
1745498871785 62.5 64
1745498881824 62.5 65
1745498891918 62.5 66
1745498901970 62.5 67
1745498912129 62.0 68
1745498922212 63.5 69
1745498932493 63.5 70
1745498942517 63.5 71
1745498952605 63.5 72
1745498962633 63.5 73
1745498972675 62.5 74
1745498982774 62.5 75
1745498992810 62.5 76
1745499002846 63.6 77
1745499012947 63.8 78
1745499022985 63.8 79
1745499033024 62.0 80
1745499043123 63.5 81
1745499053156 63.5 82
1745499063191 63.5 83
1745499073339 63.5 84
1745499083369 63.5 85
1745499093406 63.5 86
1745499103514 63.5 87
1745499113543 63.5 88
1745499123585 63.5 89
1745499133680 62.0 90
1745499143725 62.0 91
1745499153751 63.5 92
1745499163880 63.5 93
1745499173947 63.5 94
1745499183999 63.5 95
1745499194410 63.5 96
1745499204556 63.5 97
1745499214593 63.6 98
1745499224641 63.6 99
1745499234719 63.7 100
1745499244771 63.7 101
1745499254818 62.1 102
1745499264905 63.5 103
1745499274925 63.5 104
1745499284958 63.5 105
1745499295033 63.5 106
1745499305065 63.5 107
1745499315102 63.6 108
1745499325213 63.6 109
1745499335237 63.6 110
1745499345299 63.6 111
1745499355406 62.0 112
1745499365456 62.0 113
1745499375484 62.0 114
1745499385591 63.5 115
1745499395609 63.5 116
1745499405712 63.5 117
1745499415881 62.2 118
1745499425925 63.7 119
1745499435944 62.6 120
1745499446366 62.6 121
1745499456458 62.6 122
1745499466884 62.3 123
1745499477577 62.1 124
1745499487619 62.1 125
1745499497663 63.6 126
1745499507739 63.6 127
1745499517796 63.6 128
1745499527832 63.6 129
1745499537932 63.7 130
1745499547961 63.7 131
1745499558004 63.7 132
1745499568125 63.7 133
1745499578153 63.7 134
1745499588299 63.7 135
1745499598443 62.0 136
1745499608488 62.0 137
1745499618526 63.5 138
1745499628639 63.5 139
1745499638667 63.5 140
1745499648712 63.6 141
1745499658835 63.6 142
1745499668886 63.6 143
1745499678949 63.6 144
1745499689048 63.6 145
1745499699073 63.6 146
1745499709132 62.1 147
1745499719243 62.1 148
1745499729302 63.6 149
1745499739356 63.6 150
1745499749444 63.6 151
1745499759470 63.6 152
1745499769517 63.7 153
1745499779616 62.6 154
1745499789650 62.6 155
1745499799691 62.6 156
1745499810136 62.6 157
1745499820194 62.6 158
1745499830256 62.1 159
1745499840351 63.6 160
1745499850391 63.6 161
1745499860434 63.6 162
1745499870514 63.6 163
1745499880572 63.6 164
1745499890620 63.6 165
1745499900737 63.6 166
1745499910859 63.6 167
1745499920887 63.6 168
1745499930945 63.8 169
1745499941178 63.8 170
1745499951297 62.2 171
1745499961343 62.2 172
1745499971421 63.7 173
1745499981463 63.7 174
1745499991500 63.7 175
1745500001594 62.6 176
1745500011622 62.6 177
1745500021673 62.6 178
1745500031779 62.6 179
1745500041806 62.6 180
1745500051847 62.4 181
1745500061985 62.2 182
1745500072018 62.2 183
1745500082067 63.7 184
1745500092185 63.7 185
1745500102257 63.7 186
1745500112630 63.7 187
1745500122734 63.7 188
1745500132760 63.7 189
1745500142809 63.8 190
1745500152911 62.7 191
1745500162934 62.7 192
1745500172969 62.4 193
1745500183086 62.2 194
1745500193122 63.7 195
1745500203183 63.7 196
1745500213287 63.8 197
1745500223321 63.8 198
1745500233391 63.8 199
1745500243493 63.8 200
1745500253545 63.8 201
1745500263582 63.8 202
1745500273934 63.8 203
1745500284002 63.8 204
1745500294047 62.3 205
1745500304166 62.3 206
1745500314223 63.7 207
1745500324427 63.7 208
1745500334545 62.3 209
1745500344594 63.8 210
1745500354632 63.8 211
1745500364745 63.9 212
1745500374772 63.9 213
1745500384836 63.9 214
1745500394931 63.9 215
1745500404982 63.9 216
1745500415130 62.3 217
1745500425234 62.3 218
1745500435726 63.7 219
1745500445779 63.7 220
1745500456442 63.8 221
1745500466495 63.8 222
1745500477142 62.7 223
1745500487199 62.7 224
1745500497673 62.7 225
1745500508422 62.7 226
1745500518490 62.4 227
1745500528583 62.3 228
