1745498227248 9.299999999967667e-05 0
1745498237336 0.028881999999995855 1
1745498247367 0.05667299999999642 2
1745498257408 0.06501599999999996 3
1745498267494 0.07718699999999501 4
1745498277526 0.09720999999999691 5
1745498287563 0.19182899999999847 6
1745498297752 0.19355099999999936 7
1745498307847 0.20914099999999536 8
1745498317957 0.21175599999999406 9
1745498328037 0.22615199999999902 10
1745498338142 0.23942199999999758 11
1745498348172 0.24636100000000027 12
1745498358248 0.25997199999999765 13
1745498368321 0.2650299999999959 14
1745498378413 0.2720299999999938 15
1745498388506 0.2741799999999941 16
1745498398596 0.2854119999999938 17
1745498408643 0.28733299999999673 18
1745498418749 0.29519399999999507 19
1745498428787 0.30630399999999725 20
1745498438866 0.3118689999999944 21
1745498448893 0.3240300000000005 22
1745498459021 0.32950299999999544 23
1745498469085 0.35055899999999696 24
1745498479123 0.3576479999999975 25
1745498489156 0.3656310000000005 26
1745498499237 0.36697699999999855 27
1745498509281 0.36819500000000005 28
1745498519311 0.3825089999999989 29
1745498529440 0.3883769999999984 30
1745498539464 0.3918469999999985 31
1745498549502 0.3940239999999946 32
1745498559596 0.39611499999999467 33
1745498569643 0.40240599999999915 34
1745498579681 0.41842999999999364 35
1745498589760 0.5163929999999937 36
1745498599784 0.5268379999999979 37
1745498609819 0.5423159999999996 38
1745498619954 0.5594439999999992 39
1745498629989 0.5710269999999937 40
1745498640021 0.5809919999999948 41
1745498650099 0.5892959999999974 42
1745498660148 0.597133999999997 43
1745498670202 0.6053989999999985 44
1745498680301 0.6215709999999959 45
1745498690347 0.6300219999999968 46
1745498700395 0.6351739999999992 47
1745498710549 0.6433239999999998 48
1745498720756 0.6448909999999941 49
1745498730814 0.6485799999999955 50
1745498740894 0.6512889999999985 51
1745498750943 0.6530019999999936 52
1745498761000 0.6543339999999986 53
1745498771212 0.6558789999999988 54
1745498781258 0.6654439999999937 55
1745498791290 0.6665779999999941 56
1745498801414 0.6748029999999972 57
1745498811452 0.6847259999999977 58
1745498821482 0.6942909999999998 59
1745498831583 0.7090089999999947 60
1745498841609 0.7154449999999954 61
1745498851643 0.7175889999999967 62
1745498861759 0.7197159999999982 63
1745498871785 0.7221489999999946 64
1745498881824 0.7233919999999969 65
1745498891918 0.7348679999999987 66
1745498901970 0.8242699999999985 67
1745498912129 0.8310069999999996 68
1745498922212 0.8467869999999991 69
1745498932493 0.864094999999999 70
1745498942517 0.8658729999999935 71
1745498952605 0.8903609999999986 72
1745498962633 0.8919529999999938 73
1745498972675 0.900188 74
1745498982774 0.9013969999999958 75
1745498992810 0.9031109999999956 76
1745499002846 0.9088399999999979 77
1745499012947 0.9219650000000001 78
1745499022985 0.9377839999999935 79
1745499033024 0.9424679999999981 80
1745499043123 0.9447259999999957 81
1745499053156 0.9526859999999999 82
1745499063191 0.9603129999999993 83
1745499073339 0.9613119999999995 84
1745499083369 0.9622639999999976 85
1745499093406 0.9634459999999976 86
1745499103514 0.964386999999995 87
1745499113543 0.9653899999999993 88
1745499123585 0.9912959999999984 89
1745499133680 0.992919999999998 90
1745499143725 0.9967449999999971 91
1745499153751 0.9976289999999963 92
1745499163880 1.0024429999999995 93
1745499173947 1.0174260000000004 94
1745499183999 1.0186999999999955 95
1745499194410 1.020778 96
1745499204556 1.0442699999999974 97
1745499214593 1.1382859999999937 98
1745499224641 1.151055999999997 99
1745499234719 1.1558749999999947 100
1745499244771 1.1637979999999999 101
1745499254818 1.1727139999999991 102
1745499264905 1.1892609999999948 103
1745499274925 1.1964209999999937 104
1745499284958 1.198176999999994 105
1745499295033 1.2044469999999947 106
1745499305065 1.2055589999999938 107
1745499315102 1.2284170000000003 108
1745499325213 1.2380089999999981 109
1745499335237 1.2399779999999936 110
1745499345299 1.2410229999999984 111
1745499355406 1.2429209999999955 112
1745499365456 1.243902999999996 113
1745499375484 1.2543930000000003 114
1745499385591 1.256699999999995 115
1745499395609 1.2578169999999957 116
1745499405712 1.2666309999999967 117
1745499415881 1.2842209999999952 118
1745499425925 1.285815999999997 119
1745499435944 1.2868449999999996 120
1745499446366 1.2973169999999996 121
1745499456458 1.3045860000000005 122
1745499466884 1.3198329999999956 123
1745499477577 1.3211849999999998 124
1745499487619 1.3289569999999955 125
1745499497663 1.3453739999999996 126
1745499507739 1.3679469999999938 127
1745499517796 1.3892249999999962 128
1745499527832 1.472065999999998 129
1745499537932 1.4777899999999988 130
1745499547961 1.485835999999999 131
1745499558004 1.4938129999999958 132
1745499568125 1.5030999999999963 133
1745499578153 1.504405999999996 134
1745499588299 1.5053439999999938 135
1745499598443 1.5062099999999958 136
1745499608488 1.5161969999999982 137
1745499618526 1.5407549999999972 138
1745499628639 1.543067999999998 139
1745499638667 1.549394999999997 140
1745499648712 1.5525939999999991 141
1745499658835 1.5596499999999978 142
1745499668886 1.5617369999999937 143
1745499678949 1.5699849999999955 144
1745499689048 1.5713019999999958 145
1745499699073 1.5723199999999977 146
1745499709132 1.5839469999999949 147
1745499719243 1.5910879999999992 148
1745499729302 1.5922719999999941 149
1745499739356 1.593443999999998 150
1745499749444 1.6053849999999983 151
1745499759470 1.6062439999999967 152
1745499769517 1.6082579999999993 153
1745499779616 1.6141989999999993 154
1745499789650 1.6154109999999946 155
1745499799691 1.7173850000000002 156
1745499810136 1.7738869999999949 157
1745499820194 1.791007999999998 158
1745499830256 1.882635999999998 159
1745499840351 1.891883 160
1745499850391 1.892877999999996 161
1745499860434 1.9055579999999992 162
1745499870514 1.907823999999998 163
1745499880572 1.9089489999999998 164
1745499890620 1.9100809999999981 165
1745499900737 1.926444999999994 166
1745499910859 1.9389209999999935 167
1745499920887 1.940146999999996 168
1745499930945 1.9479159999999993 169
1745499941178 1.9678789999999964 170
1745499951297 1.9690219999999954 171
1745499961343 1.973789999999994 172
1745499971421 1.9774269999999987 173
1745499981463 1.980762999999996 174
1745499991500 1.9830289999999948 175
1745500001594 1.9936429999999987 176
1745500011622 2.0117369999999966 177
1745500021673 2.0190549999999945 178
1745500031779 2.019985999999996 179
1745500041806 2.028264 180
1745500051847 2.030258999999994 181
1745500061985 2.0311120000000003 182
1745500072018 2.031906999999997 183
1745500082067 2.0333189999999988 184
1745500092185 2.0350329999999985 185
1745500102257 2.0547169999999966 186
1745500112630 2.056272 187
1745500122734 2.0616640000000004 188
1745500132760 2.076501999999998 189
1745500142809 2.173814 190
1745500152911 2.1753709999999984 191
1745500162934 2.1918949999999953 192
1745500172969 2.1949219999999983 193
1745500183086 2.196639999999995 194
1745500193122 2.197632999999996 195
1745500203183 2.2107369999999946 196
1745500213287 2.212052 197
1745500223321 2.2369779999999935 198
1745500233391 2.238938999999995 199
1745500243493 2.2418129999999934 200
1745500253545 2.245369999999994 201
1745500263582 2.2635349999999974 202
1745500273934 2.2729439999999954 203
1745500284002 2.277431 204
1745500294047 2.286297999999995 205
1745500304166 2.3008369999999942 206
1745500314223 2.303521999999994 207
1745500324427 2.3047709999999952 208
1745500334545 2.305940999999997 209
1745500344594 2.3095399999999984 210
1745500354632 2.31109 211
1745500364745 2.311802 212
1745500374772 2.3131039999999956 213
1745500384836 2.3195359999999994 214
1745500394931 2.3379249999999985 215
1745500404982 2.343349999999994 216
1745500415130 2.344541999999997 217
1745500425234 2.345118999999997 218
1745500435726 2.348853999999996 219
1745500445779 2.372023999999996 220
1745500456442 2.4651309999999995 221
1745500466495 2.481150999999997 222
1745500477142 2.4850139999999996 223
1745500487199 2.4866869999999963 224
1745500497673 2.501390999999998 225
1745500508422 2.5101859999999974 226
1745500518490 2.515527999999996 227
1745500528583 2.517564 228
