1745498227248 0.0 0
1745498237336 0.021729999999999805 1
1745498247367 0.03483700000000045 2
1745498257408 0.04784400000000044 3
1745498267494 0.05587799999999987 4
1745498277526 0.06408099999999983 5
1745498287563 0.10112499999999969 6
1745498297752 0.10333900000000007 7
1745498307847 0.12719599999999964 8
1745498317957 0.13012800000000002 9
1745498328037 0.13220900000000047 10
1745498338142 0.14624599999999965 11
1745498348172 0.1480940000000004 12
1745498358248 0.15208699999999986 13
1745498368321 0.153829 14
1745498378413 0.15676999999999985 15
1745498388506 0.15850000000000009 16
1745498398596 0.1617519999999999 17
1745498408643 0.17732300000000034 18
1745498418749 0.18443699999999996 19
1745498428787 0.19019500000000011 20
1745498438866 0.1932830000000001 21
1745498448893 0.20608300000000046 22
1745498459021 0.21301300000000012 23
1745498469085 0.22895999999999983 24
1745498479123 0.23103500000000032 25
1745498489156 0.2439960000000001 26
1745498499237 0.24663699999999977 27
1745498509281 0.24799400000000027 28
1745498519311 0.26974500000000035 29
1745498529440 0.28530000000000033 30
1745498539464 0.2909430000000004 31
1745498549502 0.29247400000000034 32
1745498559596 0.29396100000000036 33
1745498569643 0.30186899999999994 34
1745498579681 0.30567100000000025 35
1745498589760 0.3227720000000005 36
1745498599784 0.325234 37
1745498609819 0.32636800000000044 38
1745498619954 0.3283319999999996 39
1745498629989 0.3308270000000002 40
1745498640021 0.34147700000000025 41
1745498650099 0.36579799999999985 42
1745498660148 0.37511399999999995 43
1745498670202 0.3875169999999999 44
1745498680301 0.38965600000000045 45
1745498690347 0.398161 46
1745498700395 0.4000219999999999 47
1745498710549 0.4018120000000005 48
1745498720756 0.4035390000000003 49
1745498730814 0.40512499999999996 50
1745498740894 0.407146 51
1745498750943 0.4097369999999998 52
1745498761000 0.4116280000000003 53
1745498771212 0.42726799999999976 54
1745498781258 0.43646100000000043 55
1745498791290 0.4381320000000004 56
1745498801414 0.4474330000000002 57
1745498811452 0.4572219999999998 58
1745498821482 0.47319200000000006 59
1745498831583 0.4748330000000003 60
1745498841609 0.48039900000000024 61
1745498851643 0.48170499999999983 62
1745498861759 0.48330699999999993 63
1745498871785 0.48601199999999967 64
1745498881824 0.4886860000000004 65
1745498891918 0.5090760000000003 66
1745498901970 0.5209700000000002 67
1745498912129 0.5286900000000001 68
1745498922212 0.5298730000000003 69
1745498932493 0.5378150000000002 70
1745498942517 0.5397480000000003 71
1745498952605 0.550662 72
1745498962633 0.5527880000000005 73
1745498972675 0.5642300000000002 74
1745498982774 0.5658320000000003 75
1745498992810 0.568689 76
1745499002846 0.5707019999999998 77
1745499012947 0.5948349999999998 78
1745499022985 0.5969249999999997 79
1745499033024 0.6001500000000002 80
1745499043123 0.6018210000000002 81
1745499053156 0.6112380000000002 82
1745499063191 0.6152660000000001 83
1745499073339 0.6170280000000004 84
1745499083369 0.6190280000000001 85
1745499093406 0.6211039999999999 86
1745499103514 0.6221310000000004 87
1745499113543 0.6240120000000005 88
1745499123585 0.643122 89
1745499133680 0.6584180000000002 90
1745499143725 0.6656719999999998 91
1745499153751 0.6669739999999997 92
1745499163880 0.6685800000000004 93
1745499173947 0.707732 94
1745499183999 0.7105160000000001 95
1745499194410 0.7124120000000005 96
1745499204556 0.7349030000000001 97
1745499214593 0.747071 98
1745499224641 0.748767 99
1745499234719 0.7521560000000003 100
1745499244771 0.7621630000000001 101
1745499254818 0.7880409999999998 102
1745499264905 0.8039690000000004 103
1745499274925 0.8159130000000001 104
1745499284958 0.8175949999999998 105
1745499295033 0.8235669999999997 106
1745499305065 0.8262840000000002 107
1745499315102 0.832929 108
1745499325213 0.8351439999999997 109
1745499335237 0.8369499999999999 110
1745499345299 0.8387970000000005 111
1745499355406 0.8406450000000003 112
1745499365456 0.842816 113
1745499375484 0.8582510000000001 114
1745499385591 0.8605679999999998 115
1745499395609 0.8624289999999997 116
1745499405712 0.8733370000000003 117
1745499415881 0.8804720000000001 118
1745499425925 0.8829209999999996 119
1745499435944 0.8845780000000003 120
1745499446366 0.9007009999999998 121
1745499456458 0.9080149999999998 122
1745499466884 0.9191849999999997 123
1745499477577 0.9210140000000004 124
1745499487619 0.9250749999999996 125
1745499497663 0.9408430000000001 126
1745499507739 0.9571940000000003 127
1745499517796 0.9593850000000002 128
1745499527832 0.9713380000000003 129
1745499537932 0.9782679999999999 130
1745499547961 0.9846260000000004 131
1745499558004 0.9958720000000003 132
1745499568125 1.005788 133
1745499578153 1.0079960000000003 134
1745499588299 1.0098060000000002 135
1745499598443 1.0115480000000003 136
1745499608488 1.0213960000000002 137
1745499618526 1.059894 138
1745499628639 1.061585 139
1745499638667 1.067171 140
1745499648712 1.0693479999999997 141
1745499658835 1.0749830000000005 142
1745499668886 1.0765260000000003 143
1745499678949 1.087714 144
1745499689048 1.0894459999999997 145
1745499699073 1.0913209999999998 146
1745499709132 1.0950499999999996 147
1745499719243 1.096724 148
1745499729302 1.0982960000000004 149
1745499739356 1.1148290000000003 150
1745499749444 1.1265830000000001 151
1745499759470 1.1283599999999998 152
1745499769517 1.1303330000000003 153
1745499779616 1.137333 154
1745499789650 1.138896 155
1745499799691 1.1728750000000003 156
1745499810136 1.2043359999999996 157
1745499820194 1.2214739999999997 158
1745499830256 1.2333160000000003 159
1745499840351 1.2434849999999997 160
1745499850391 1.2449269999999997 161
1745499860434 1.2789549999999998 162
1745499870514 1.2809090000000003 163
1745499880572 1.2829120000000005 164
1745499890620 1.285031 165
1745499900737 1.302245 166
1745499910859 1.3043199999999997 167
1745499920887 1.3072049999999997 168
1745499930945 1.318778 169
1745499941178 1.3345380000000002 170
1745499951297 1.3365299999999998 171
1745499961343 1.3381910000000001 172
1745499971421 1.3416569999999997 173
1745499981463 1.3590900000000001 174
1745499991500 1.360951 175
1745500001594 1.3685460000000003 176
1745500011622 1.3813240000000002 177
1745500021673 1.3869220000000002 178
1745500031779 1.388719 179
1745500041806 1.3932400000000005 180
1745500051847 1.3951970000000005 181
1745500061985 1.3968879999999997 182
1745500072018 1.3986939999999999 183
1745500082067 1.4003139999999998 184
1745500092185 1.4019760000000003 185
1745500102257 1.425725 186
1745500112630 1.4278320000000004 187
1745500122734 1.4298409999999997 188
1745500132760 1.4319119999999996 189
1745500142809 1.4590360000000002 190
1745500152911 1.4605670000000002 191
1745500162934 1.4847320000000002 192
1745500172969 1.4899760000000004 193
1745500183086 1.491663 194
1745500193122 1.4935280000000004 195
1745500203183 1.4950349999999997 196
1745500213287 1.4968190000000003 197
1745500223321 1.5351470000000003 198
1745500233391 1.5373580000000002 199
1745500243493 1.5389600000000003 200
1745500253545 1.5417990000000001 201
1745500263582 1.5547890000000004 202
1745500273934 1.5563950000000002 203
1745500284002 1.559361 204
1745500294047 1.5741380000000005 205
1745500304166 1.5757399999999997 206
1745500314223 1.5774439999999998 207
1745500324427 1.5795690000000002 208
1745500334545 1.5814390000000005 209
1745500344594 1.599913 210
1745500354632 1.6020690000000002 211
1745500364745 1.6032520000000003 212
1745500374772 1.605117 213
1745500384836 1.6126230000000001 214
1745500394931 1.6234419999999998 215
1745500404982 1.6262680000000005 216
1745500415130 1.6282180000000004 217
1745500425234 1.6298200000000005 218
1745500435726 1.6327850000000002 219
1745500445779 1.6434050000000004 220
1745500456442 1.6686189999999996 221
1745500466495 1.7036240000000005 222
1745500477142 1.709746 223
1745500487199 1.712249 224
1745500497673 1.7138549999999997 225
1745500508422 1.7224459999999997 226
1745500518490 1.7334190000000005 227
1745500528583 1.7352720000000001 228
