1745498227248 64.0 0
1745498237336 66.2 1
1745498247367 91.8 2
1745498257408 92.4 3
1745498267494 88.0 4
1745498277526 92.1 5
1745498287563 65.3 6
1745498297752 86.2 7
1745498307847 59.4 8
1745498317957 86.9 9
1745498328037 60.2 10
1745498338142 61.1 11
1745498348172 61.8 12
1745498358248 89.2 13
1745498368321 63.9 14
1745498378413 89.5 15
1745498388506 89.9 16
1745498398596 62.9 17
1745498408643 90.9 18
1745498418749 91.6 19
1745498428787 69.1 20
1745498438866 94.3 21
1745498448893 65.0 22
1745498459021 65.9 23
1745498469085 91.8 24
1745498479123 92.0 25
1745498489156 92.0 26
1745498499237 92.2 27
1745498509281 80.2 28
1745498519311 92.5 29
1745498529440 65.8 30
1745498539464 93.2 31
1745498549502 67.7 32
1745498559596 64.3 33
1745498569643 64.3 34
1745498579681 65.1 35
1745498589760 93.0 36
1745498599784 63.0 37
1745498609819 90.1 38
1745498619954 63.2 39
1745498629989 90.6 40
1745498640021 63.8 41
1745498650099 91.3 42
1745498660148 91.3 43
1745498670202 62.7 44
1745498680301 62.8 45
1745498690347 63.3 46
1745498700395 90.9 47
1745498710549 64.2 48
1745498720756 91.2 49
1745498730814 64.6 50
1745498740894 91.9 51
1745498750943 88.5 52
1745498761000 92.6 53
1745498771212 92.8 54
1745498781258 64.8 55
1745498791290 63.8 56
1745498801414 64.9 57
1745498811452 91.6 58
1745498821482 90.6 59
1745498831583 91.4 60
1745498841609 91.2 61
1745498851643 91.6 62
1745498861759 92.1 63
1745498871785 65.4 64
1745498881824 92.6 65
1745498891918 66.1 66
1745498901970 58.1 67
1745498912129 60.5 68
1745498922212 58.0 69
1745498932493 84.9 70
1745498942517 58.3 71
1745498952605 87.7 72
1745498962633 70.5 73
1745498972675 88.0 74
1745498982774 89.9 75
1745498992810 89.9 76
1745499002846 62.4 77
1745499012947 88.1 78
1745499022985 58.8 79
1745499033024 61.1 80
1745499043123 87.8 81
1745499053156 60.8 82
1745499063191 88.3 83
1745499073339 61.5 84
1745499083369 88.4 85
1745499093406 61.9 86
1745499103514 88.9 87
1745499113543 62.6 88
1745499123585 89.8 89
1745499133680 61.2 90
1745499143725 61.9 91
1745499153751 88.4 92
1745499163880 61.6 93
1745499173947 88.6 94
1745499183999 62.1 95
1745499194410 89.2 96
1745499204556 62.7 97
1745499214593 89.7 98
1745499224641 62.9 99
1745499234719 90.2 100
1745499244771 61.7 101
1745499254818 62.1 102
1745499264905 89.5 103
1745499274925 89.7 104
1745499284958 90.0 105
1745499295033 90.0 106
1745499305065 71.5 107
1745499315102 90.6 108
1745499325213 63.8 109
1745499335237 90.6 110
1745499345299 64.1 111
1745499355406 62.7 112
1745499365456 62.8 113
1745499375484 63.5 114
1745499385591 90.2 115
1745499395609 63.3 116
1745499405712 90.7 117
1745499415881 64.0 118
1745499425925 91.3 119
1745499435944 64.5 120
1745499446366 91.4 121
1745499456458 65.0 122
1745499466884 63.4 123
1745499477577 63.8 124
1745499487619 64.5 125
1745499497663 64.5 126
1745499507739 92.3 127
1745499517796 74.5 128
1745499527832 91.4 129
1745499537932 88.4 130
1745499547961 92.0 131
1745499558004 92.2 132
1745499568125 92.5 133
1745499578153 92.8 134
1745499588299 63.6 135
1745499598443 63.6 136
1745499608488 64.2 137
1745499618526 91.5 138
1745499628639 64.7 139
1745499638667 91.5 140
1745499648712 64.6 141
1745499658835 91.8 142
1745499668886 65.3 143
1745499678949 92.6 144
1745499689048 65.7 145
1745499699073 63.9 146
1745499709132 64.0 147
1745499719243 64.6 148
1745499729302 83.1 149
1745499739356 91.7 150
1745499749444 69.9 151
1745499759470 92.3 152
1745499769517 65.7 153
1745499779616 92.5 154
1745499789650 66.2 155
1745499799691 93.1 156
1745499810136 66.8 157
1745499820194 65.5 158
1745499830256 67.6 159
1745499840351 92.8 160
1745499850391 92.9 161
1745499860434 87.9 162
1745499870514 87.6 163
1745499880572 93.8 164
1745499890620 94.0 165
1745499900737 66.5 166
1745499910859 91.6 167
1745499920887 65.0 168
1745499930945 92.4 169
1745499941178 65.0 170
1745499951297 65.2 171
1745499961343 65.4 172
1745499971421 92.2 173
1745499981463 65.2 174
1745499991500 92.1 175
1745500001594 65.5 176
1745500011622 92.2 177
1745500021673 65.5 178
1745500031779 92.4 179
1745500041806 65.9 180
1745500051847 65.9 181
1745500061985 65.8 182
1745500072018 69.1 183
1745500082067 66.3 184
1745500092185 93.1 185
1745500102257 66.4 186
1745500112630 93.0 187
1745500122734 66.8 188
1745500132760 93.4 189
1745500142809 93.8 190
1745500152911 67.0 191
1745500162934 93.6 192
1745500172969 66.6 193
1745500183086 66.8 194
1745500193122 81.7 195
1745500203183 93.7 196
1745500213287 74.7 197
1745500223321 92.7 198
1745500233391 65.8 199
1745500243493 92.9 200
1745500253545 65.8 201
1745500263582 92.8 202
1745500273934 66.4 203
1745500284002 66.3 204
1745500294047 66.4 205
1745500304166 69.5 206
1745500314223 67.0 207
1745500324427 93.9 208
1745500334545 67.1 209
1745500344594 94.1 210
1745500354632 93.8 211
1745500364745 79.3 212
1745500374772 93.6 213
1745500384836 67.3 214
1745500394931 94.1 215
1745500404982 67.0 216
1745500415130 66.9 217
1745500425234 67.3 218
1745500435726 94.4 219
1745500445779 67.3 220
1745500456442 94.7 221
1745500466495 67.4 222
1745500477142 94.3 223
1745500487199 67.3 224
1745500497673 94.3 225
1745500508422 67.5 226
1745500518490 67.3 227
1745500528583 67.5 228
