1745498227248 10791.1 0
1745498237336 11166.3 1
1745498247367 15479.5 2
1745498257408 15588.9 3
1745498267494 14844.4 4
1745498277526 15526.6 5
1745498287563 11009.1 6
1745498297752 14530.9 7
1745498307847 10021.5 8
1745498317957 14655.3 9
1745498328037 10161.5 10
1745498338142 10301.7 11
1745498348172 10417.6 12
1745498358248 15038.5 13
1745498368321 10785.1 14
1745498378413 15091.6 15
1745498388506 15170.2 16
1745498398596 10603.5 17
1745498408643 15337.0 18
1745498418749 15446.4 19
1745498428787 11663.0 20
1745498438866 15904.3 21
1745498448893 10957.8 22
1745498459021 11118.9 23
1745498469085 15477.2 24
1745498479123 15515.2 25
1745498489156 15517.6 26
1745498499237 15550.5 27
1745498509281 13525.6 28
1745498519311 15597.2 29
1745498529440 11095.8 30
1745498539464 15723.6 31
1745498549502 11416.5 32
1745498559596 10839.2 33
1745498569643 10843.1 34
1745498579681 10973.4 35
1745498589760 15680.4 36
1745498599784 10625.7 37
1745498609819 15199.0 38
1745498619954 10654.8 39
1745498629989 15279.5 40
1745498640021 10757.3 41
1745498650099 15407.6 42
1745498660148 15399.3 43
1745498670202 10574.2 44
1745498680301 10589.5 45
1745498690347 10672.9 46
1745498700395 15323.6 47
1745498710549 10833.7 48
1745498720756 15390.6 49
1745498730814 10899.1 50
1745498740894 15509.0 51
1745498750943 14927.5 52
1745498761000 15615.1 53
1745498771212 15659.1 54
1745498781258 10936.5 55
1745498791290 10768.4 56
1745498801414 10947.0 57
1745498811452 15452.0 58
1745498821482 15289.3 59
1745498831583 15414.1 60
1745498841609 15387.5 61
1745498851643 15448.4 62
1745498861759 15535.4 63
1745498871785 11036.3 64
1745498881824 15610.6 65
1745498891918 11149.2 66
1745498901970 9793.7 67
1745498912129 10208.8 68
1745498922212 9788.0 69
1745498932493 14323.4 70
1745498942517 9833.8 71
1745498952605 14784.6 72
1745498962633 11891.2 73
1745498972675 14844.6 74
1745498982774 15162.5 75
1745498992810 15161.7 76
1745499002846 10529.6 77
1745499012947 14866.8 78
1745499022985 9912.5 79
1745499033024 10312.8 80
1745499043123 14802.2 81
1745499053156 10259.0 82
1745499063191 14899.1 83
1745499073339 10371.8 84
1745499083369 14917.8 85
1745499093406 10437.9 86
1745499103514 14997.2 87
1745499113543 10553.4 88
1745499123585 15149.3 89
1745499133680 10322.1 90
1745499143725 10448.8 91
1745499153751 14903.0 92
1745499163880 10385.9 93
1745499173947 14949.6 94
1745499183999 10468.9 95
1745499194410 15037.1 96
1745499204556 10569.9 97
1745499214593 15123.8 98
1745499224641 10615.7 99
1745499234719 15205.8 100
1745499244771 10404.7 101
1745499254818 10467.4 102
1745499264905 15093.2 103
1745499274925 15128.4 104
1745499284958 15178.3 105
1745499295033 15179.5 106
1745499305065 12053.2 107
1745499315102 15274.9 108
1745499325213 10755.5 109
1745499335237 15289.3 110
1745499345299 10810.9 111
1745499355406 10574.1 112
1745499365456 10584.7 113
1745499375484 10709.8 114
1745499385591 15216.0 115
1745499395609 10670.6 116
1745499405712 15300.7 117
1745499415881 10797.5 118
1745499425925 15392.1 119
1745499435944 10871.7 120
1745499446366 15419.8 121
1745499456458 10961.2 122
1745499466884 10686.5 123
1745499477577 10763.2 124
1745499487619 10872.6 125
1745499497663 10873.2 126
1745499507739 15568.3 127
1745499517796 12561.3 128
1745499527832 15423.9 129
1745499537932 14903.3 130
1745499547961 15525.0 131
1745499558004 15544.4 132
1745499568125 15604.4 133
1745499578153 15646.8 134
1745499588299 10723.9 135
1745499598443 10727.6 136
1745499608488 10823.1 137
1745499618526 15426.5 138
1745499628639 10917.8 139
1745499638667 15432.3 140
1745499648712 10897.0 141
1745499658835 15491.9 142
1745499668886 11009.4 143
1745499678949 15619.5 144
1745499689048 11081.0 145
1745499699073 10785.9 146
1745499709132 10791.0 147
1745499719243 10899.7 148
1745499729302 14021.9 149
1745499739356 15473.3 150
1745499749444 11788.3 151
1745499759470 15563.5 152
1745499769517 11076.5 153
1745499779616 15608.9 154
1745499789650 11169.7 155
1745499799691 15706.8 156
1745499810136 11259.0 157
1745499820194 11050.4 158
1745499830256 11400.5 159
1745499840351 15648.3 160
1745499850391 15664.9 161
1745499860434 14825.0 162
1745499870514 14775.2 163
1745499880572 15814.7 164
1745499890620 15849.2 165
1745499900737 11218.7 166
1745499910859 15452.1 167
1745499920887 10964.4 168
1745499930945 15583.7 169
1745499941178 10962.3 170
1745499951297 10990.8 171
1745499961343 11035.4 172
1745499971421 15554.3 173
1745499981463 10998.4 174
1745499991500 15538.3 175
1745500001594 11050.4 176
1745500011622 15545.4 177
1745500021673 11051.0 178
1745500031779 15588.8 179
1745500041806 11117.3 180
1745500051847 11109.4 181
1745500061985 11092.1 182
1745500072018 11658.5 183
1745500082067 11189.8 184
1745500092185 15708.1 185
1745500102257 11195.3 186
1745500112630 15681.3 187
1745500122734 11265.6 188
1745500132760 15757.3 189
1745500142809 15815.5 190
1745500152911 11302.4 191
1745500162934 15785.5 192
1745500172969 11236.5 193
1745500183086 11273.2 194
1745500193122 13787.0 195
1745500203183 15800.5 196
1745500213287 12601.6 197
1745500223321 15636.1 198
1745500233391 11103.8 199
1745500243493 15665.5 200
1745500253545 11100.9 201
1745500263582 15656.8 202
1745500273934 11195.7 203
1745500284002 11186.9 204
1745500294047 11193.0 205
1745500304166 11719.8 206
1745500314223 11307.6 207
1745500324427 15838.3 208
1745500334545 11325.6 209
1745500344594 15870.8 210
1745500354632 15812.7 211
1745500364745 13383.5 212
1745500374772 15795.5 213
1745500384836 11343.7 214
1745500394931 15872.4 215
1745500404982 11295.9 216
1745500415130 11290.5 217
1745500425234 11347.5 218
1745500435726 15930.4 219
1745500445779 11345.4 220
1745500456442 15972.9 221
1745500466495 11372.3 222
1745500477142 15908.8 223
1745500487199 11348.0 224
1745500497673 15899.7 225
1745500508422 11380.4 226
1745500518490 11343.1 227
1745500528583 11383.2 228
