1745498323353 32746650.0 0
1745498444457 339574.3125 1
1745498558138 32947.85546875 2
1745498669432 8308.6015625 3
1745498781674 1967.4359130859375 4
1745498894716 888.8255004882812 5
1745499018869 452.82989501953125 6
1745499129702 291.14874267578125 7
1745499242001 205.11805725097656 8
1745499354030 148.74365234375 9
1745499466884 164.7680206298828 10
1745499585968 137.42868041992188 11
1745499699672 101.57793426513672 12
1745499813368 82.91116333007812 13
1745499938906 71.66984558105469 14
1745500052998 64.13916015625 15
1745500170202 59.23813247680664 16
1745500285343 55.96670913696289 17
1745500403779 54.16957092285156 18
1745500520921 50.91141128540039 19
