1745372909095 0.0 0
1745372919155 20.4 1
1745372929195 28.7 2
1745372939236 19.3 3
1745372949275 13.7 4
1745372959368 13.6 5
1745372969398 15.6 6
1745372979477 14.1 7
1745372989545 25.6 8
1745372999645 27.3 9
1745373009708 32.1 10
1745373019776 19.7 11
1745373029852 33.1 12
1745373039952 31.7 13
1745373050003 17.9 14
1745373060060 20.5 15
1745373070117 25.8 16
1745373080178 29.7 17
1745373090254 20.8 18
1745373100498 17.9 19
1745373110539 15.5 20
1745373120593 18.1 21
1745373130711 22.7 22
1745373140765 19.5 23
1745373150799 13.4 24
1745373161010 19.4 25
1745373171122 28.6 26
1745373181208 31.9 27
1745373191303 24.5 28
1745373201351 18.4 29
1745373211413 19.7 30
1745373221508 16.9 31
1745373231552 15.2 32
1745373241596 18.3 33
1745373251700 17.0 34
1745373261744 12.1 35
1745373271783 18.2 36
1745373281887 19.6 37
1745373292064 13.9 38
1745373302180 16.3 39
1745373312287 28.0 40
1745373322332 13.8 41
1745373332401 19.8 42
1745373342510 14.7 43
1745373352555 14.1 44
1745373362609 23.2 45
1745373372740 33.0 46
1745373382771 20.3 47
1745373392814 14.6 48
1745373402921 14.5 49
1745373412963 17.4 50
1745373422999 24.6 51
1745373433036 19.1 52
1745373443069 32.5 53
1745373453176 18.0 54
1745373463220 11.4 55
1745373473333 15.2 56
1745373483387 16.1 57
1745373493428 14.7 58
1745373503503 14.0 59
1745373513801 34.2 60
1745373524194 24.2 61
1745373534556 33.5 62
1745373545160 45.9 63
1745373555479 35.5 64
