1745372909095 310305.7 0
1745372919155 316327.3 1
1745372929195 322901.5 2
1745372939236 322901.5 3
1745372949275 322901.5 4
1745372959368 322901.5 5
1745372969398 322901.5 6
1745372979477 322901.5 7
1745372989545 322901.5 8
1745372999645 322901.5 9
1745373009708 322901.5 10
1745373019776 322901.5 11
1745373029852 316521.3 12
1745373039952 316521.9 13
1745373050003 316521.9 14
1745373060060 326786.1 15
1745373070117 326786.1 16
1745373080178 326786.1 17
1745373090254 326786.1 18
1745373100498 326786.1 19
1745373110539 326786.1 20
1745373120593 326786.1 21
1745373130711 317586.5 22
1745373140765 327804.6 23
1745373150799 327804.6 24
1745373161010 327924.5 25
1745373171122 316707.6 26
1745373181208 316708.2 27
1745373191303 316708.2 28
1745373201351 327026.9 29
1745373211413 327026.9 30
1745373221508 327026.9 31
1745373231552 327026.9 32
1745373241596 327026.9 33
1745373251700 327138.7 34
1745373261744 327138.7 35
1745373271783 327138.7 36
1745373281887 317125.0 37
1745373292064 327345.1 38
1745373302180 327345.1 39
1745373312287 316381.9 40
1745373322332 316382.5 41
1745373332401 326611.8 42
1745373342510 326611.8 43
1745373352555 326611.8 44
1745373362609 326611.8 45
1745373372740 326611.8 46
1745373382771 326611.8 47
1745373392814 326611.8 48
1745373402921 328930.6 49
1745373412963 328930.6 50
1745373422999 319213.8 51
1745373433036 318286.7 52
1745373443069 318035.1 53
1745373453176 318035.7 54
1745373463220 328261.3 55
1745373473333 328261.3 56
1745373483387 328261.3 57
1745373493428 328261.3 58
1745373503503 328261.3 59
1745373513801 328261.3 60
1745373524194 328261.3 61
1745373534556 328261.3 62
1745373545160 318630.7 63
1745373555479 318630.7 64
