1745372909095 56.6 0
1745372919155 57.7 1
1745372929195 58.9 2
1745372939236 58.9 3
1745372949275 58.9 4
1745372959368 58.9 5
1745372969398 58.9 6
1745372979477 58.9 7
1745372989545 58.9 8
1745372999645 58.9 9
1745373009708 58.9 10
1745373019776 58.9 11
1745373029852 57.7 12
1745373039952 57.7 13
1745373050003 57.7 14
1745373060060 59.6 15
1745373070117 59.6 16
1745373080178 59.6 17
1745373090254 59.6 18
1745373100498 59.6 19
1745373110539 59.6 20
1745373120593 59.6 21
1745373130711 57.9 22
1745373140765 59.8 23
1745373150799 59.8 24
1745373161010 59.8 25
1745373171122 57.8 26
1745373181208 57.8 27
1745373191303 57.8 28
1745373201351 59.6 29
1745373211413 59.6 30
1745373221508 59.6 31
1745373231552 59.6 32
1745373241596 59.6 33
1745373251700 59.7 34
1745373261744 59.7 35
1745373271783 59.7 36
1745373281887 57.8 37
1745373292064 59.7 38
1745373302180 59.7 39
1745373312287 57.7 40
1745373322332 57.7 41
1745373332401 59.6 42
1745373342510 59.6 43
1745373352555 59.6 44
1745373362609 59.6 45
1745373372740 59.6 46
1745373382771 59.6 47
1745373392814 59.6 48
1745373402921 60.0 49
1745373412963 60.0 50
1745373422999 58.2 51
1745373433036 58.0 52
1745373443069 58.0 53
1745373453176 58.0 54
1745373463220 59.9 55
1745373473333 59.9 56
1745373483387 59.9 57
1745373493428 59.9 58
1745373503503 59.9 59
1745373513801 59.9 60
1745373524194 59.9 61
1745373534556 59.9 62
1745373545160 58.1 63
1745373555479 58.1 64
