1745372909095 238053.4 0
1745372919155 232031.8 1
1745372929195 225457.6 2
1745372939236 225457.6 3
1745372949275 225457.6 4
1745372959368 225457.6 5
1745372969398 225457.6 6
1745372979477 225457.6 7
1745372989545 225457.6 8
1745372999645 225457.6 9
1745373009708 225457.6 10
1745373019776 225457.6 11
1745373029852 231837.8 12
1745373039952 231837.2 13
1745373050003 231837.2 14
1745373060060 221573.0 15
1745373070117 221573.0 16
1745373080178 221573.0 17
1745373090254 221573.0 18
1745373100498 221573.0 19
1745373110539 221573.0 20
1745373120593 221573.0 21
1745373130711 230772.6 22
1745373140765 220554.5 23
1745373150799 220554.5 24
1745373161010 220434.6 25
1745373171122 231651.5 26
1745373181208 231650.9 27
1745373191303 231650.9 28
1745373201351 221332.2 29
1745373211413 221332.2 30
1745373221508 221332.2 31
1745373231552 221332.2 32
1745373241596 221332.2 33
1745373251700 221220.5 34
1745373261744 221220.5 35
1745373271783 221220.5 36
1745373281887 231234.1 37
1745373292064 221014.0 38
1745373302180 221014.0 39
1745373312287 231977.2 40
1745373322332 231976.6 41
1745373332401 221747.3 42
1745373342510 221747.3 43
1745373352555 221747.3 44
1745373362609 221747.3 45
1745373372740 221747.3 46
1745373382771 221747.3 47
1745373392814 221747.3 48
1745373402921 219428.5 49
1745373412963 219428.5 50
1745373422999 229145.3 51
1745373433036 230072.4 52
1745373443069 230324.0 53
1745373453176 230323.4 54
1745373463220 220097.8 55
1745373473333 220097.8 56
1745373483387 220097.8 57
1745373493428 220097.8 58
1745373503503 220097.8 59
1745373513801 220097.8 60
1745373524194 220097.8 61
1745373534556 220097.8 62
1745373545160 229728.4 63
1745373555479 229728.4 64
