1745372909095 0.0 0
1745372919155 0.04337800000000058 1
1745372929195 0.07566800000000029 2
1745372939236 0.08197900000000047 3
1745372949275 0.1427320000000023 4
1745372959368 0.17797400000000252 5
1745372969398 0.28598500000000016 6
1745372979477 0.2881360000000015 7
1745372989545 0.7390410000000003 8
1745372999645 1.3726730000000025 9
1745373009708 2.2180880000000016 10
1745373019776 2.567344000000002 11
1745373029852 2.8066030000000026 12
1745373039952 3.0130630000000025 13
1745373050003 3.0903980000000004 14
1745373060060 3.108761000000001 15
1745373070117 3.605884000000003 16
1745373080178 3.8773420000000023 17
1745373090254 4.006878 18
1745373100498 4.215623000000001 19
1745373110539 4.3851150000000025 20
1745373120593 4.552297000000003 21
1745373130711 4.824651000000003 22
1745373140765 5.086030000000001 23
1745373150799 5.194919000000002 24
1745373161010 5.348115 25
1745373171122 5.781018000000003 26
1745373181208 5.877218000000003 27
1745373191303 6.216293 28
1745373201351 6.425898 29
1745373211413 6.515299000000002 30
1745373221508 6.613081000000001 31
1745373231552 6.665026000000001 32
1745373241596 6.682659000000001 33
1745373251700 6.720506 34
1745373261744 6.7248090000000005 35
1745373271783 6.747975 36
1745373281887 6.780973000000003 37
1745373292064 6.808078000000002 38
1745373302180 6.8111630000000005 39
1745373312287 6.848662000000001 40
1745373322332 6.917028000000002 41
1745373332401 6.940592000000002 42
1745373342510 6.973016000000001 43
1745373352555 7.1376690000000025 44
1745373362609 7.478699000000002 45
1745373372740 8.222439000000001 46
1745373382771 8.546199000000001 47
1745373392814 9.366417000000002 48
1745373402921 9.408029000000003 49
1745373412963 9.531199 50
1745373422999 9.588740000000001 51
1745373433036 9.746313 52
1745373443069 9.790660000000003 53
1745373453176 9.851423 54
1745373463220 9.872451000000002 55
1745373473333 9.902742 56
1745373483387 9.935143 57
1745373493428 9.949149000000002 58
1745373503503 9.952004000000002 59
1745373513801 9.983392000000002 60
1745373524194 10.004586000000003 61
1745373534556 10.03031 62
1745373545160 10.054047 63
1745373555479 10.070821000000002 64
