1745372909095 0.0 0
1745372919155 2.738516000000004 1
1745372929195 4.562438000000043 2
1745372939236 4.569543999999951 3
1745372949275 9.07492400000001 4
1745372959368 9.329120999999986 5
1745372969398 13.12650199999996 6
1745372979477 13.127953000000048 7
1745372989545 17.085455000000024 8
1745372999645 24.053111000000058 9
1745373009708 29.92942800000003 10
1745373019776 31.245600999999965 11
1745373029852 32.05280000000005 12
1745373039952 33.220867 13
1745373050003 33.38058699999999 14
1745373060060 33.39586399999996 15
1745373070117 36.19265500000006 16
1745373080178 44.01943000000006 17
1745373090254 48.76311799999996 18
1745373100498 54.42618100000004 19
1745373110539 62.994606999999974 20
1745373120593 68.49238600000001 21
1745373130711 73.60926500000005 22
1745373140765 76.71393499999999 23
1745373150799 81.68197699999996 24
1745373161010 83.12131599999998 25
1745373171122 87.33311900000001 26
1745373181208 89.77365099999997 27
1745373191303 93.77850999999998 28
1745373201351 94.45177999999999 29
1745373211413 98.73892699999999 30
1745373221508 103.84079299999996 31
1745373231552 107.90747799999997 32
1745373241596 107.92138899999998 33
1745373251700 108.79622900000004 34
1745373261744 108.79930200000001 35
1745373271783 108.84444399999995 36
1745373281887 108.97749799999997 37
1745373292064 109.08170600000005 38
1745373302180 109.08554400000003 39
1745373312287 109.14371000000006 40
1745373322332 109.34017200000005 41
1745373332401 109.35436000000004 42
1745373342510 109.39977599999997 43
1745373352555 110.978567 44
1745373362609 113.14597800000001 45
1745373372740 116.82382700000005 46
1745373382771 119.06454700000006 47
1745373392814 120.50682000000006 48
1745373402921 121.28273100000001 49
1745373412963 122.068487 50
1745373422999 122.84075199999995 51
1745373433036 123.63111600000002 52
1745373443069 124.42684800000006 53
1745373453176 125.23719800000003 54
1745373463220 125.62025800000004 55
1745373473333 126.00468699999999 56
1745373483387 126.30353500000001 57
1745373493428 126.40772000000004 58
1745373503503 126.41215199999999 59
1745373513801 126.43551200000002 60
1745373524194 126.45070099999998 61
1745373534556 126.47825399999999 62
1745373545160 126.50876900000003 63
1745373555479 126.51956800000005 64
