1745372909095 72.0 0
1745372919155 67.2 1
1745372929195 77.2 2
1745372939236 92.3 3
1745372949275 92.9 4
1745372959368 81.9 5
1745372969398 80.2 6
1745372979477 93.5 7
1745372989545 96.5 8
1745372999645 94.7 9
1745373009708 95.4 10
1745373019776 92.3 11
1745373029852 69.0 12
1745373039952 70.7 13
1745373050003 73.9 14
1745373060060 94.7 15
1745373070117 96.8 16
1745373080178 66.2 17
1745373090254 64.4 18
1745373100498 92.3 19
1745373110539 92.8 20
1745373120593 93.1 21
1745373130711 66.8 22
1745373140765 82.7 23
1745373150799 94.3 24
1745373161010 96.0 25
1745373171122 68.1 26
1745373181208 69.1 27
1745373191303 71.0 28
1745373201351 83.2 29
1745373211413 94.8 30
1745373221508 95.8 31
1745373231552 90.5 32
1745373241596 69.4 33
1745373251700 96.6 34
1745373261744 96.5 35
1745373271783 93.0 36
1745373281887 67.1 37
1745373292064 94.9 38
1745373302180 65.6 39
1745373312287 65.7 40
1745373322332 66.7 41
1745373332401 71.9 42
1745373342510 93.7 43
1745373352555 94.4 44
1745373362609 81.7 45
1745373372740 69.3 46
1745373382771 95.4 47
1745373392814 95.6 48
1745373402921 94.7 49
1745373412963 68.4 50
1745373422999 74.9 51
1745373433036 67.3 52
1745373443069 69.0 53
1745373453176 73.3 54
1745373463220 95.1 55
1745373473333 93.5 56
1745373483387 66.8 57
1745373493428 94.7 58
1745373503503 94.7 59
1745373513801 96.2 60
1745373524194 94.2 61
1745373534556 92.1 62
1745373545160 67.3 63
1745373555479 94.4 64
