1745372909095 12145.5 0
1745372919155 11330.9 1
1745372929195 13026.2 2
1745372939236 15572.0 3
1745372949275 15675.4 4
1745372959368 13817.8 5
1745372969398 13521.3 6
1745372979477 15767.8 7
1745372989545 16270.9 8
1745372999645 15965.7 9
1745373009708 16095.6 10
1745373019776 15569.7 11
1745373029852 11636.9 12
1745373039952 11926.3 13
1745373050003 12469.6 14
1745373060060 15967.9 15
1745373070117 16329.1 16
1745373080178 11161.6 17
1745373090254 10860.3 18
1745373100498 15570.1 19
1745373110539 15654.2 20
1745373120593 15696.3 21
1745373130711 11271.5 22
1745373140765 13945.8 23
1745373150799 15905.5 24
1745373161010 16185.1 25
1745373171122 11487.7 26
1745373181208 11659.2 27
1745373191303 11968.6 28
1745373201351 14028.7 29
1745373211413 15992.0 30
1745373221508 16166.6 31
1745373231552 15260.7 32
1745373241596 11705.0 33
1745373251700 16287.1 34
1745373261744 16281.7 35
1745373271783 15684.4 36
1745373281887 11321.2 37
1745373292064 16002.5 38
1745373302180 11063.0 39
1745373312287 11086.8 40
1745373322332 11252.2 41
1745373332401 12132.1 42
1745373342510 15803.9 43
1745373352555 15917.3 44
1745373362609 13788.5 45
1745373372740 11691.7 46
1745373382771 16099.4 47
1745373392814 16130.3 48
1745373402921 15973.2 49
1745373412963 11531.7 50
1745373422999 12627.6 51
1745373433036 11352.3 52
1745373443069 11635.4 53
1745373453176 12364.8 54
1745373463220 16047.9 55
1745373473333 15776.8 56
1745373483387 11275.1 57
1745373493428 15966.4 58
1745373503503 15976.3 59
1745373513801 16229.3 60
1745373524194 15892.4 61
1745373534556 15536.0 62
1745373545160 11350.1 63
1745373555479 15916.3 64
